0.44136314
0.72607719
0.01085940
0.88848787
0.80327943
0.06736866
0.15471746
0.22954123
0.79265728
0.81441827
0.36710478
0.30728142
0.87055829
0.18369142
0.19924861
0.12298210
0.17682705
0.19641572
0.88979625
0.27091282
0.80310158
0.60368057
0.24629644
0.34501590
0.04765665
0.85398710
0.29701578
0.35761047
0.15205380
0.06826733
0.10924451
0.32574386
0.03488484
0.74943778
0.75709989
0.31718129
0.86706471
0.05945761
0.71228113
0.10055093
0.33929950
0.49214547
0.08436106
0.47468030
0.07060234
0.30456014
0.05451297
0.83908055
0.91382632
0.77653228
0.44753524
0.29924928
0.03992680
0.55945614
0.24926738
0.78810855
0.50000541
0.50660118
0.64518232
0.03447752
0.55590461
0.28883182
0.23263534
0.74022641
0.91060876
0.06634793
0.09817715
0.27203890
0.31452951
0.74427265
0.83364503
0.10223622
0.83651485
0.10879416
0.35186047
0.08334432
0.36041460
0.16693534
0.02144434
0.21116413
0.16130515
0.78566208
0.88153404
0.23717654
0.29561268
0.23559568
0.54625662
0.83766582
0.23904455
0.39370656
0.06176110
0.50767780
0.28754085
0.57948904
0.49703271
0.30815924
0.36343478
0.45885833
0.25051633
0.16954722
0.72775519
0.02827606
0.07573202
0.08112069
0.55572263
0.52695049
0.10466511
0.13072663
0.50928243
0.77803856
0.81844852
0.67665973
0.45274866
0.09897258
0.44836229
0.06314490
0.09897258
0.34491107
0.54673176
0.57038651
0.11408990
0.35087246
0.89622423
0.62227344
0.34957767
0.91763779
0.14949037
0.89532007
0.86084385
0.64654693
0.64518232
0.53551750
0.69291544
0.60114980
0.10793525
0.84112219
0.01333202
0.82708984
0.00171309
0.92363729
0.48074285
0.71001838
0.38494164
0.99637238
0.01093373
0.25698435
0.42700412
0.30371101
0.10098220
0.24154798
0.96737206
0.70780966
0.03140123
0.50255368
0.44906895
0.29329735
0.14154754
0.31485657
0.04378638
0.89578467
0.41243073
0.83771021
0.35385554
0.28408382
0.62916092
0.04866615
0.97094431
0.16968509
0.25540232
0.72411488
0.50390106
0.72457506
0.83058931
0.43806788
0.89589207
0.57037019
0.04748633
0.38374474
0.73995040
0.05416224
0.40046843
0.88162958
0.62780474
0.25920550
0.13004488
0.83098085
0.21381413
0.12958453
0.34850730
0.73680201
0.18691963
0.38423377
0.28097802
0.54518364
0.22008191
0.06149936
0.23057012
0.36997764
0.44518446
0.42872882
0.01405176
0.21362489
0.34949201
0.83525135
0.13824921
0.96494934
0.36150362
0.29849735
0.50336756
0.44713650
0.04467355
0.05830147
0.18837668
0.07490940
0.35923074
0.44885364
0.52107602
0.20159673
0.02978535
0.33348429
0.42608912
0.08566721
0.98573537
0.22424977
0.99987924
0.52440414
0.31288424
0.40724153
0.27256340
0.07622519
0.28070006
0.42534870
0.07514725
0.56755732
0.04241253
0.30178485
0.37779506
0.06137206
0.38445821
0.18858979
0.09128139
0.26151464
0.46265111
0.33293383
0.31148310
0.02326220
0.07250692
0.36862406
0.86922462
0.11071400
0.75282483
0.11558296
0.49457491
0.99399320
0.24158784
0.08262582
0.87638741
0.36961809
0.13607350
0.52826108
0.08521100
0.28150695
0.47366056
0.14651853
0.21003441
0.19166922
0.12033119
0.63880784
0.17587483
0.11490257
0.21769591
0.16619016
0.62342566
0.88360133
0.44954078
0.21948945
0.16461040
0.13704774
0.14836571
0.41562438
0.33009554
0.30719682
0.94625183
0.53507059
0.06425538
0.00000100
0.21223558
0.07993818
0.14446081
0.19878487
0.25945704
0.00620037
0.37212545
0.59425911
0.82623953
0.06754869
0.57165677
0.27767938
0.87307966
0.13648869
0.13814314
0.33362610
0.74625043
0.17232823
0.56914155
0.79575108
0.33331150
0.59449233
0.90277021
0.98754159
0.25472321
0.67415950
0.38558721
0.31040391
0.00775317
0.32677135
0.10614319
0.15643897
0.40119235
0.06862785
0.06521686
0.37037116
0.42027142
0.20459957
0.01848118
0.66488077
0.96973048
0.32321892
0.92756825
0.43453250
0.05303987
0.35275653
0.30532622
0.11146726
0.19815619
0.54673176
0.47629528
0.98608348
0.24844228
0.44087121
0.16101089
0.24617459
0.09975050
0.80404719
0.52661927
0.76808674
0.73416286
0.22063895
0.40365283
0.66086190
0.03897148
0.78787569
0.79654027
0.05075208
0.06086224
0.60082162
0.08344092
0.15725443
0.12840731
0.58679797
0.94003864
0.49329056
0.70381300
0.52486984
0.49882399
0.05116205
0.11814419
0.35389103
0.00817365
0.07589962
0.66763574
0.28938564
0.68873128
0.85481221
0.58914338
0.13881474
0.62349551
0.45536464
0.83143290
0.96708637
0.56598558
0.60706464
0.33586234
0.32746695
0.06260298
0.49056780
0.27023092
0.35084245
0.41836631
0.99394027
0.05270804
0.25114168
0.47181692
0.61489513
0.92990265
0.47923010
0.53057466
0.12243191
0.48109259
0.00000100
0.58337778
0.12709264
0.18941498
0.16884897
0.36708662
0.34405540
0.72166517
0.00109534
0.12147155
0.16377708
0.28826343
0.00000199
0.74362938
0.47127089
0.94075345
0.46628066
0.82782948
0.87717699
0.03429574
0.85388749
0.14179528
0.30565870
0.71750222
0.09370484
0.23071697
0.90199275
0.67723129
0.52834205
0.55114997
0.69417703
0.11404869
0.07602145
0.09890645
0.72893304
0.34462572
0.74160416
0.25152950
0.24010814
0.25676643
0.25350069
0.00000108
0.65963940
0.28320652
0.62238251
0.48509644
0.66951874
0.57038651
0.34191257
0.11221755
0.30736211
0.11433606
0.42948388
0.65123643
0.18358069
0.23430279
0.60391604
0.26961494
0.54568542
0.72670584
0.04248934
0.00445206
0.93310648
0.58186866
0.99995074
0.76337881
0.57215201
0.53230704
0.63140221
0.71755012
0.83315308
0.33931566
0.46417321
0.37718231
0.99523293
0.73150966
0.26909948
0.22687680
0.75455615
0.40845738
0.07656315
0.94297450
0.23309933
0.42432427
0.59394915
0.04497058
0.45841560
0.55594459
0.57929541
0.13882010
0.30787009
0.13369066
0.46350097
0.00242040
0.03711417
0.42678078
0.69202341
0.14424778
0.18380220
0.45516265
0.65523510
0.04820327
0.83960853
0.01543822
0.22689373
0.08061118
0.39704434
0.52720911
0.29343786
0.67776664
0.22965379
0.50448544
0.40271716
0.18815996
0.56780768
0.41627519
0.14976969
0.13277851
0.52096462
0.12663595
0.74021949
0.06746125
0.75535361
0.40993525
0.15913273
0.39204154
0.55728814
0.41055925
0.02676064
0.17441294
0.78951002
0.43516898
0.32612366
0.94569858
0.09169900
0.49634940
0.68337103
0.31726403
0.08160746
0.30419191
0.02679483
0.83110600
0.64614905
0.71876837
0.25105225
0.60404695
0.23800034
0.93006036
0.33571600
0.27584709
0.98814285
0.89715970
0.54287090
0.44109197
0.84462800
0.53173686
0.36763287
0.86048865
0.11408990
0.87784598
0.87581070
0.41985716
0.67730659
0.03664337
0.86742567
0.06571086
0.01096264
0.14715431
0.10507565
0.79503262
0.46621713
0.31093887
0.06540585
0.70286754
0.13693055
0.04552769
0.39143854
0.82334968
0.97110629
0.23461108
0.49410139
0.65972868
0.06018855
0.93975115
0.22408175
0.04250582
0.13814664
0.91713328
0.14926038
0.34101268
0.53600691
0.03545243
0.25824316
0.26838817
0.58473088
0.26896464
0.04880942
0.54402739
0.83294620
0.17926743
0.08528926
0.86775397
0.83196805
0.15989582
0.59639363
0.22289503
0.05839820
0.64092331
0.36307563
0.31397424
0.26855552
0.03740932
0.85018911
0.21135880
0.42978895
0.27139275
0.84315882
0.63177626
0.76846946
0.06985622
0.02156369
0.04971026
0.07924089
0.36110062
0.14155598
0.18560749
0.03056086
0.48976508
0.60036953
0.24067337
0.02029775
0.21837239
0.62408378
0.17457808
0.38752064
0.22890733
0.22242179
0.07536104
0.35846529
0.00939970
0.70398861
0.38222037
0.62596600
0.73427588
0.89170006
0.53194461
0.03532033
0.15620102
0.40061953
0.28941937
0.01637833
0.58616863
0.87147397
0.05555808
0.22403940
0.03270768
0.34721145
0.35254787
0.02651565
0.74327358
0.63031418
0.28214451
0.03693992
0.21347570
0.80686028
0.75664180
0.83579120
0.25459774
0.96317714
0.27640067
0.49265473
0.76848955
0.12605788
0.01876376
0.42400174
0.00000352
0.39007099
0.73505094
0.02739699
0.01109130
0.17485845
0.39359338
0.00425694
0.84498453
0.41832016
0.24719596
0.06781102
0.58698601
0.02414596
0.90806077
0.74926621
0.76277533
0.09642995
0.77313316
0.00000100
0.31192250
0.22965099
0.35478765
0.52880276
0.43464416
0.67767948
0.33185862
0.79181566
0.03211625
0.03417724
0.56348425
0.60634527
0.43003044
0.72100537
0.27250333
0.43388412
0.51740696
0.22565248
0.16304155
0.47013390
0.59510835
0.48973380
0.22877397
0.30755173
0.12924355
0.21523041
0.78473906
0.11485439
0.57174472
0.60851822
0.57434136
0.26809890
0.45652582
0.80131559
0.37631412
0.43351641
0.64724188
0.33911411
0.93663795
0.88024693
0.86103265
0.31602641
0.30401551
0.33627808
0.48528828
0.52577777
0.24512675
0.26491150
0.12740533
0.20247417
0.19847939
0.42872302
0.16964971
0.18479562
0.17163557
0.71582087
0.02948821
0.41214936
0.00000100
0.72172127
0.25712340
0.03549019
0.92569709
0.14713179
0.56045784
0.59431852
0.05093543
0.31475742
0.75085352
0.30012358
0.98383374
0.20263441
0.92627674
0.09622877
0.69759084
0.08030517
0.05017310
0.04851235
0.25588864
0.08333151
0.71897524
0.64660852
0.47406239
0.17452275
0.89667625
0.87031878
0.68426010
0.97469092
0.82584035
0.41694811
0.00186292
0.17110736
0.10410539
0.13863352
0.15792915
0.46293935
0.94495188
0.78093204
0.48601795
0.11033185
0.40022038
0.32263046
0.16608994
0.31232510
0.75795438
0.31784517
0.22228316
0.00000100
0.59711831
0.08093508
0.21783076
0.19318061
0.24121252
0.15894491
0.14499611
0.28605401
0.15897510
0.19905277
0.16541856
0.00492024
0.20135628
0.83137679
0.06018590
0.44610302
0.90878270
0.02396164
0.68553566
0.44640694
0.13104752
0.80284014
0.21697610
0.70638300
0.09047792
0.91785364
0.37413339
0.36354499
0.11383106
0.03323530
0.52959850
0.08529831
0.27932390
0.05578132
0.53494362
0.57058670
0.63892923
0.63117385
0.26954394
0.36074870
0.27666115
0.50669023
0.22735491
0.31698830
0.11599182
0.38060082
0.50088373
0.73568792
0.16140094
0.31810670
0.07195684
0.45636143
0.04929108
0.23270146
0.06091209
0.79925190
0.21024907
0.49138882
0.73849281
0.70372072
0.85491351
0.15233494
0.45943061
0.87844617
0.13322303
0.17656145
0.72878634
0.09728742
0.28579993
0.25439010
0.73696105
0.21099940
0.49063264
0.28188167
0.87899552
0.65810159
0.61691209
0.16401899
0.12958374
0.54672144
0.01823502
0.87850950
0.00000119
0.39137757
0.87451805
0.30543937
0.64768170
0.47313882
0.22376302
0.21278959
0.02852485
0.99577750
0.52492153
0.42713508
0.03664897
0.80893652
0.42934780
0.48104320
0.03960635
0.33591995
0.88528412
0.47525127
0.60310728
0.02242407
0.54690273
0.08130321
0.49770408
0.48296254
0.72739162
0.76374074
0.46490415
0.18780416
0.25027339
0.05720160
0.16358637
0.73927151
0.38372449
0.81024554
0.27449272
0.97168482
0.74885374
0.89668728
0.33025372
0.09587025
0.08907219
0.37302200
0.79204161
0.07328131
0.75521034
0.50334442
0.19681944
0.82508578
0.16325101
0.26688445
0.73989531
0.41652152
0.21715988
0.26151098
0.04232078
0.18995021
0.39268731
0.00214752
0.67213110
0.07888169
0.28059884
0.63842957
0.99828537
0.04499568
0.23093311
0.19352002
0.00000100
0.27810589
0.01772610
0.82748497
0.40369922
0.82614725
0.40646154
0.12747953
0.66664800
0.39251053
0.23363904
0.39361525
0.27624416
0.45160772
0.71660135
0.41841883
0.09061304
0.32723839
0.76756195
0.68354702
0.86879580
0.11550463
0.52169424
0.10608904
0.13442325
0.34845528
0.62587669
0.21334921
0.13613905
0.91155461
0.76249446
0.99804905
0.99618828
0.06014257
0.98796714
0.10471321
0.74450239
0.01703157
0.96382669
0.26017155
0.03561039
0.17922000
0.81824182
0.40288240
0.49901186
0.05398929
0.29000226
0.03176036
