0.08982036
0.42514970
0.10778443
0.69061876
0.41117764
0.19960080
0.06187625
0.11576846
0.46906188
0.71856287
0.55489022
0.60678643
0.67265469
0.41516966
0.18163673
0.29141717
0.81437126
0.65269461
0.48902196
0.15968064
0.22155689
0.49101796
0.51497006
0.34930140
0.24351297
0.69261477
0.20359281
0.26347305
0.76447106
0.04990020
0.06387226
0.28942116
0.86027944
0.65868263
0.47105788
0.11377246
0.26347305
0.44311377
0.20159681
0.20758483
0.28143713
0.95808383
0.55688623
0.39321357
0.11576846
0.27744511
0.03592814
0.39520958
0.36526946
0.54491018
0.09780439
0.30139721
0.10379242
0.44510978
0.40119760
0.43113772
0.95409182
0.74051896
0.16167665
0.53293413
0.77644711
0.65469062
0.41516966
0.83033932
0.29940120
0.58083832
0.55089820
0.52295409
0.43512974
0.27944112
0.32135729
0.18762475
0.74850299
0.08183633
0.97604790
0.08582834
0.71257485
0.60079840
0.04391218
0.87025948
0.52694611
0.20558882
0.82235529
0.16167665
0.18363273
0.45508982
0.53293413
0.58283433
0.17764471
0.27544910
0.29341317
0.60878244
0.84630739
0.47504990
0.97405190
0.50698603
0.20159681
0.35129741
0.08183633
0.13173653
0.46506986
0.14171657
0.12375250
0.42514970
0.26546906
0.53493014
0.11976048
0.13572854
0.61277445
0.61876248
0.60678643
0.31936128
0.19361277
0.70259481
0.12574850
0.11976048
0.67265469
0.83632735
0.26746507
0.59081836
0.00998004
0.60678643
0.83632735
0.49301397
0.53093812
0.72654691
0.18163673
0.72854291
0.23153693
0.39720559
0.13572854
0.29540918
0.52495010
0.56087824
0.12974052
0.60678643
0.13972056
0.17365269
0.03792415
0.81836327
0.27944112
0.64471058
0.29341317
0.66666667
0.00399202
0.69261477
0.21157685
0.71457086
0.23353293
0.22554890
0.71656687
0.22355289
0.65868263
0.81836327
0.79441118
0.09381238
0.15369261
0.18163673
0.41317365
0.77445110
0.70259481
0.24351297
0.84431138
0.62874251
0.90219561
0.35528942
0.75249501
0.11976048
0.25948104
0.54091816
0.74850299
0.84031936
0.26546906
0.15768463
0.21556886
0.89021956
0.31337325
0.24950100
0.18163673
0.35329341
0.29740519
0.13572854
0.77644711
0.51297405
0.55289421
0.27345309
0.52495010
0.69261477
0.09580838
0.38323353
0.65469062
0.75648703
0.57884232
0.60079840
0.15169661
0.87025948
0.06786427
0.68662675
0.67465070
0.51097804
0.04590818
0.07984032
0.33932136
0.25948104
0.58083832
0.37325349
0.66866267
0.84630739
0.80239521
0.85828343
0.10179641
0.01996008
0.14371257
0.89820359
0.36526946
0.54890220
0.88622754
0.67065868
0.07784431
0.25349301
0.26946108
0.48502994
0.76047904
0.47704591
0.79041916
0.31536926
0.19161677
0.70658683
0.15369261
0.12375250
0.23752495
0.45908184
0.02994012
0.89820359
0.34730539
0.31536926
0.07784431
0.28542914
0.12574850
0.58083832
0.07984032
0.79840319
0.44510978
0.05788423
0.73053892
0.63073852
0.87624750
0.13772455
0.39520958
0.23952096
0.48502994
0.37924152
0.19760479
0.28343313
0.51497006
0.23952096
0.50099800
0.47105788
0.10179641
0.08982036
0.90618762
0.12574850
0.48702595
0.01796407
0.24950100
0.35129741
0.49500998
0.23552894
0.50099800
0.02594810
0.83632735
0.17964072
0.14770459
0.82834331
0.26347305
0.87824351
0.76247505
0.13173653
0.03992016
0.27744511
0.17165669
0.45908184
0.44311377
0.12574850
0.12375250
0.96407186
0.22355289
0.12974052
0.70059880
0.01596806
0.29341317
0.06187625
0.77245509
0.77445110
0.38323353
0.50299401
0.63273453
0.55888224
0.95608782
0.03393214
0.16966068
0.12774451
0.77045908
0.66067864
0.66866267
0.61277445
0.90618762
0.70858283
0.22155689
0.54690619
0.04391218
0.58083832
0.17165669
0.46107784
0.08383234
0.64670659
0.36726547
0.47105788
0.51696607
0.04790419
0.07784431
0.42914172
0.70459082
0.21956088
0.13972056
0.52495010
0.48103792
0.14570858
0.68862275
0.81636727
0.33532934
0.16966068
0.70459082
0.08782435
0.31736527
0.26347305
0.34331337
0.66666667
0.16966068
0.20159681
0.03393214
0.08982036
0.17564870
0.27744511
0.58682635
0.31137725
0.70059880
0.15568862
0.79041916
0.38722555
0.74051896
0.19960080
0.33732535
0.10578842
0.36726547
0.76846307
0.46307385
0.27544910
0.69860279
0.53692615
0.68662675
0.43712575
0.64471058
0.73852295
0.08183633
0.46307385
0.43113772
0.46506986
0.60678643
0.24151697
0.22954092
0.25948104
0.69461078
0.87225549
0.22554890
0.08183633
0.89620758
0.10978044
0.35928144
0.83632735
0.90219561
0.66267465
0.90419162
0.31536926
0.00798403
0.14371257
0.79041916
0.41317365
0.17365269
0.71057884
0.53293413
0.61077844
0.85029940
0.26946108
0.74051896
0.11576846
0.23153693
0.21956088
0.31137725
0.96407186
0.94610778
0.14970060
0.01397206
0.02195609
0.33932136
0.08582834
0.60479042
0.87425150
0.03992016
0.18762475
0.95808383
0.95409182
0.33532934
0.53692615
0.72854291
0.12175649
0.82035928
0.69261477
0.23552894
0.42315369
0.93812375
0.49500998
0.39520958
0.36127745
0.35329341
0.38722555
0.29940120
0.65069860
0.61876248
0.43512974
0.13772455
0.00998004
0.23552894
0.73652695
0.14970060
0.73053892
0.36127745
0.82235529
0.23353293
0.17365269
0.94610778
0.55888224
0.08782435
0.31936128
0.27944112
0.44311377
0.53892216
0.81437126
0.58483034
0.89620758
0.12175649
0.50698603
0.26546906
0.87225549
0.77445110
0.15169661
0.06187625
0.51696607
0.75449102
0.00598802
0.01596806
0.49900200
0.40119760
0.61676647
0.26347305
0.49301397
0.38922156
0.74650699
0.30538922
0.23752495
0.80239521
0.31337325
0.26546906
0.57085828
0.84830339
0.67864271
0.45908184
0.83233533
0.45908184
0.57684631
0.44910180
0.00998004
0.28542914
0.49900200
0.54690619
0.44510978
0.17165669
0.82834331
0.08582834
0.72455090
0.12974052
0.18762475
0.29141717
0.47504990
0.42315369
0.70858283
0.83233533
0.21756487
0.38522954
0.52694611
0.21556886
0.32934132
0.16167665
0.08582834
0.04990020
0.28942116
0.54491018
0.28942116
0.29341317
0.65069860
0.68263473
0.32335329
0.75449102
0.53293413
0.66467066
0.38123752
0.63473054
0.41516966
0.21556886
0.82834331
0.68662675
0.72055888
0.79241517
0.27944112
0.63473054
0.63473054
0.32934132
0.91417166
0.05788423
0.34131737
0.16367265
0.87225549
0.60079840
0.38123752
0.45109780
0.77045908
0.45309381
0.76047904
0.46906188
0.60079840
0.29940120
0.60279441
0.54291417
0.70658683
0.39121756
0.30738523
0.55289421
0.49900200
0.56686627
0.77844311
0.56287425
0.76247505
0.47504990
0.66067864
0.08383234
0.42115768
0.43512974
0.00399202
0.76247505
0.77844311
0.37125749
0.34331337
0.43912176
0.30938124
0.72654691
0.03592814
0.00998004
0.31337325
0.54890220
0.50499002
0.35329341
0.02994012
0.75249501
0.10179641
0.45508982
0.29740519
0.68463074
0.79640719
0.32534930
0.75648703
0.47704591
0.82235529
0.48103792
0.41516966
0.86427146
0.38522954
0.42315369
0.50898204
0.30339321
0.55489022
0.10578842
0.10379242
0.20359281
0.42115768
0.59481038
0.01996008
0.60878244
0.69061876
0.26347305
0.43113772
0.77644711
0.70059880
0.80439122
0.59281437
0.38922156
0.50299401
0.58882236
0.76646707
0.43113772
0.56886228
0.51896208
0.63672655
0.30738523
0.33932136
0.37724551
0.78043912
0.16167665
0.36327345
0.12574850
0.05588822
0.75449102
0.77844311
0.14970060
0.11576846
0.88822355
0.00798403
0.42514970
0.59081836
0.31536926
0.01796407
0.20558882
0.21756487
0.56087824
0.61876248
0.28143713
0.08982036
0.14570858
0.61876248
0.33133733
0.42315369
0.28343313
0.34331337
0.36127745
0.70259481
0.51097804
0.80239521
0.85828343
0.77245509
0.62075848
0.13173653
0.37125749
0.72255489
0.37524950
0.04391218
0.11377246
0.38522954
0.42514970
0.02594810
0.20359281
0.74451098
0.12375250
0.14570858
0.46307385
0.65668663
0.62674651
0.74650699
0.28542914
0.76646707
0.60079840
0.76447106
0.69061876
0.40119760
0.14770459
0.11976048
0.96606786
0.84830339
0.68063872
0.60479042
0.04590818
0.38922156
0.67065868
0.05189621
0.78642715
0.56886228
0.12574850
0.01796407
0.37524950
0.02395210
0.30538922
0.74850299
0.55688623
0.26147705
0.65069860
0.36127745
0.40319361
0.17365269
0.71856287
0.73852295
0.79441118
0.40718563
0.07385230
0.65668663
0.13373253
0.49301397
0.68263473
0.43512974
0.58682635
0.67065868
0.22355289
0.16566866
0.30339321
0.64670659
0.34730539
0.32135729
0.96407186
0.36327345
0.75648703
0.37524950
0.19161677
0.60279441
0.68263473
0.13173653
0.63672655
0.29940120
0.23952096
0.18163673
0.66467066
0.77445110
0.70059880
0.69660679
0.26746507
0.21756487
0.48502994
0.44311377
0.80439122
0.02794411
0.66666667
0.82035928
0.80239521
0.49101796
0.18762475
0.58882236
0.05988024
0.19161677
0.68263473
0.21357285
0.54890220
0.24750499
0.07784431
0.25948104
0.04590818
0.18762475
0.94810379
0.25349301
0.42514970
0.01996008
0.54890220
0.26147705
0.40918164
0.25149701
0.58682635
0.24750499
0.37125749
0.45109780
0.48702595
0.81437126
0.78243513
0.05389222
0.83632735
0.47704591
0.14770459
0.03792415
0.45109780
0.26946108
0.47704591
0.21357285
0.73453094
0.24750499
0.46706587
0.83832335
0.46506986
0.79241517
0.83632735
0.76047904
0.83233533
0.13972056
0.57884232
0.04990020
0.48902196
0.52694611
0.83233533
0.32934132
0.59281437
0.31736527
0.18962076
0.39121756
0.52095808
0.18163673
0.31337325
0.64471058
0.04990020
0.94011976
0.24950100
0.21556886
0.14770459
0.75249501
0.37125749
0.20159681
0.45708583
0.05389222
0.35528942
0.17764471
0.54491018
0.43912176
0.44910180
0.81836327
0.96606786
0.84830339
0.75449102
0.70259481
0.45508982
0.21956088
0.15568862
0.78443114
0.54890220
0.96806387
0.17165669
0.73453094
0.15369261
0.22754491
0.19560878
0.82834331
0.49101796
0.38323353
0.22155689
0.08582834
0.19760479
0.86027944
0.34331337
0.74650699
0.41117764
0.04391218
0.60479042
0.58882236
0.17764471
0.19560878
0.37924152
0.34730539
0.47904192
0.38922156
0.13572854
0.17365269
0.17964072
0.27544910
0.01596806
0.45908184
0.84431138
0.17764471
0.29940120
0.31536926
0.70059880
0.48502994
0.17964072
0.61676647
0.56487026
0.45908184
0.82634731
0.75648703
0.62475050
0.55888224
0.23952096
0.26347305
0.25149701
0.11177645
0.11377246
0.11177645
0.70259481
0.58682635
0.32135729
0.31137725
0.57085828
0.30538922
0.05588822
0.76846307
0.95808383
0.65668663
0.48902196
0.58483034
0.55489022
0.90618762
0.48502994
0.30538922
0.05189621
0.45309381
0.57485030
0.28143713
0.65269461
0.82035928
0.44910180
0.51696607
0.79241517
0.49500998
0.82035928
0.42914172
0.27944112
0.58483034
0.57285429
0.60479042
0.13373253
0.17764471
0.29740519
0.35928144
0.27744511
0.49500998
0.78642715
0.43712575
0.42914172
0.28942116
0.34930140
0.63473054
0.47904192
0.98003992
0.56686627
0.50099800
0.05189621
0.76646707
0.65469062
0.39920160
0.24950100
0.27345309
0.32934132
0.31337325
0.72255489
0.48103792
0.06586826
0.38922156
0.25948104
0.74251497
0.45109780
0.57485030
0.82634731
0.31936128
0.46307385
0.10578842
0.47904192
0.77644711
0.61077844
0.42914172
0.79041916
0.82634731
0.37524950
0.23153693
0.97005988
0.82834331
0.62075848
0.65668663
0.33333333
0.49301397
0.66467066
0.06387226
0.10578842
0.21157685
0.43313373
0.37924152
0.05389222
0.45508982
0.83233533
0.44510978
0.05588822
0.77245509
0.60678643
0.58882236
0.25349301
0.70259481
0.41117764
0.20359281
0.07784431
0.27145709
0.56686627
0.41516966
0.30339321
0.61277445
0.41117764
0.80838323
0.54291417
0.06986028
0.70658683
0.40718563
0.39520958
0.13972056
0.53892216
0.68862275
0.18363273
0.58682635
0.60678643
0.11377246
0.81237525
0.33133733
0.62674651
0.07984032
