0.67065868
0.73852295
0.31936128
0.96207585
0.83632735
0.11177645
0.20159681
0.35329341
0.87425150
0.84431138
0.80039920
0.56087824
0.96207585
0.09580838
0.34530938
0.19760479
0.25349301
0.39720559
0.73453094
0.53493014
0.94610778
0.96207585
0.15568862
0.25748503
0.24750499
0.91616766
0.23552894
0.66666667
0.19760479
0.18762475
0.19960080
0.74051896
0.10978044
0.92614770
0.95808383
0.32335329
0.82235529
0.18163673
0.93413174
0.22355289
0.41516966
0.39520958
0.28742515
0.68263473
0.23952096
0.52295409
0.14970060
0.81636727
0.76846307
0.82634731
0.38123752
0.21556886
0.17165669
0.14371257
0.35728543
0.99600798
0.00199601
0.12774451
0.89421158
0.58882236
0.08183633
0.03393214
0.36127745
0.86427146
0.98403194
0.23952096
0.21556886
0.82634731
0.55289421
0.81636727
0.75848303
0.32534930
0.15768463
0.29540918
0.00199601
0.18562874
0.62075848
0.75049900
0.07984032
0.13772455
0.83233533
0.60079840
0.64870259
0.46706587
0.57684631
0.02994012
0.27345309
0.01397206
0.37924152
0.22155689
0.22155689
0.89021956
0.95409182
0.63073852
0.42115768
0.56487026
0.09780439
0.61077844
0.29341317
0.28343313
0.92614770
0.38722555
0.26946108
0.22554890
0.94610778
0.13572854
0.31936128
0.33333333
0.64471058
0.91616766
0.74850299
0.83632735
0.66067864
0.13772455
0.71457086
0.25349301
0.16167665
0.94011976
0.96407186
0.63473054
0.07185629
0.43912176
0.95808383
0.21756487
0.59481038
0.94610778
0.37724551
0.91816367
0.83033932
0.82235529
0.88622754
0.82634731
0.83433134
0.87225549
0.27944112
0.85828343
0.07784431
0.78043912
0.07784431
0.15768463
0.88622754
0.76646707
0.52095808
0.98403194
0.02195609
0.20758483
0.41317365
0.53892216
0.21157685
0.48702595
0.99001996
0.95209581
0.11576846
0.45508982
0.61876248
0.44111776
0.34331337
0.22954092
0.29740519
0.82035928
0.05788423
0.84031936
0.37125749
0.48303393
0.47305389
0.05389222
0.98003992
0.38323353
0.25748503
0.87425150
0.27944112
0.97005988
0.67265469
0.78043912
0.95409182
0.55089820
0.19361277
0.46307385
0.88822355
0.15968064
0.38722555
0.97205589
0.60479042
0.50698603
0.57085828
0.96007984
0.76646707
0.31736527
0.35129741
0.94610778
0.35928144
0.17764471
0.81437126
0.75249501
0.44510978
0.92415170
0.22355289
0.43113772
0.38722555
0.97405190
0.08183633
0.35728543
0.38722555
0.78642715
0.31536926
0.97604790
0.03393214
0.24351297
0.78642715
0.29740519
0.11377246
0.12375250
0.14171657
0.13373253
0.46107784
0.03193613
0.41916168
0.10978044
0.12974052
0.63473054
0.64271457
0.08782435
0.93812375
0.17165669
0.95009980
0.47504990
0.56487026
0.33133733
0.47105788
0.20758483
0.51097804
0.70858283
0.09780439
0.01197605
0.06986028
0.51497006
0.41516966
0.06387226
0.60678643
0.80638723
0.20558882
0.21956088
0.60279441
0.24151697
0.38922156
0.95608782
0.13373253
0.62275449
0.76247505
0.33333333
0.85229541
0.17964072
0.66067864
0.73453094
0.34331337
0.28343313
0.73852295
0.57485030
0.35129741
0.30738523
0.07185629
0.32335329
0.96606786
0.17764471
0.11776447
0.08183633
0.26946108
0.54091816
0.28542914
0.24151697
0.25349301
0.25149701
0.90818363
0.93812375
0.65469062
0.23952096
0.16367265
0.19760479
0.16566866
0.77644711
0.77045908
0.13173653
0.95808383
0.48502994
0.16167665
0.01796407
0.40119760
0.22554890
0.20359281
0.20159681
0.44111776
0.06786427
0.95209581
0.90019960
0.94211577
0.63672655
0.72055888
0.69660679
0.00598802
0.11976048
0.35329341
0.54890220
0.77045908
0.58283433
0.90219561
0.74850299
0.11576846
0.86227545
0.74850299
0.68463074
0.18962076
0.83632735
0.53892216
0.56287425
0.80239521
0.79241517
0.62674651
0.37724551
0.65469062
0.14570858
0.19560878
0.52495010
0.46906188
0.43313373
0.37724551
0.76846307
0.84231537
0.61477046
0.83233533
0.31137725
0.08582834
0.46307385
0.48702595
0.29141717
0.05389222
0.97405190
0.66666667
0.94011976
0.52894212
0.49101796
0.29540918
0.39121756
0.21157685
0.86826347
0.36526946
0.75049900
0.64271457
0.37125749
0.15369261
0.86027944
0.10578842
0.95808383
0.98602794
0.18363273
0.07385230
0.11976048
0.07984032
0.29540918
0.39321357
0.65069860
0.98602794
0.65469062
0.79840319
0.79041916
0.06387226
0.10978044
0.28942116
0.77844311
0.03992016
0.25149701
0.79840319
0.46307385
0.84231537
0.60878244
0.90419162
0.18962076
0.21556886
0.99201597
0.93612774
0.96407186
0.10978044
0.89820359
0.18962076
0.45508982
0.18163673
0.73852295
0.42115768
0.43912176
0.55489022
0.96207585
0.10578842
0.25548902
0.49900200
0.78243513
0.79241517
0.49500998
0.42514970
0.37325349
0.93612774
0.00399202
0.00598802
0.37524950
0.12574850
0.40518962
0.48303393
0.19960080
0.77245509
0.04590818
0.31936128
0.30339321
0.00598802
0.00598802
0.73652695
0.03992016
0.87425150
0.76447106
0.80838323
0.60279441
0.06387226
0.00598802
0.10179641
0.47704591
0.63473054
0.28343313
0.42514970
0.97005988
0.85429142
0.57085828
0.53093812
0.85029940
0.30938124
0.05788423
0.55888224
0.53293413
0.37924152
0.63872255
0.43712575
0.33532934
0.26946108
0.43912176
0.13772455
0.54291417
0.41317365
0.57485030
0.28343313
0.47904192
0.64071856
0.30938124
0.23752495
0.10978044
0.37125749
0.59680639
0.53493014
0.28742515
0.21756487
0.81836327
0.17964072
0.91816367
0.87824351
0.01996008
0.03193613
0.88223553
0.60279441
0.30938124
0.63073852
0.79441118
0.77644711
0.24351297
0.67664671
0.73453094
0.49500998
0.62275449
0.58083832
0.77045908
0.94810379
0.61277445
0.68063872
0.49900200
0.59281437
0.27345309
0.99401198
0.06387226
0.59281437
0.85229541
0.10978044
0.65668663
0.75049900
0.56487026
0.37524950
0.44311377
0.21756487
0.81037924
0.03792415
0.12375250
0.56686627
0.47105788
0.22155689
0.43512974
0.66666667
0.97604790
0.22954092
0.79441118
0.07385230
0.28742515
0.30538922
0.80239521
0.66866267
0.33133733
0.39321357
0.26946108
0.91816367
0.57085828
0.99999900
0.17564870
0.74251497
0.37325349
0.11377246
0.83033932
0.36127745
0.69461078
0.18762475
0.78443114
0.87225549
0.33532934
0.49101796
0.36127745
0.48702595
0.09181637
0.27944112
0.98203593
0.54491018
0.04191617
0.92215569
0.24550898
0.68063872
0.18363273
0.35528942
0.23353293
0.51896208
0.08582834
0.88223553
0.94610778
0.84830339
0.84431138
0.82634731
0.46906188
0.82235529
0.66467066
0.28942116
0.85229541
0.87425150
0.43912176
0.72455090
0.03193613
0.95409182
0.95409182
0.88023952
0.08582834
0.37125749
0.83433134
0.57085828
0.93413174
0.08582834
0.93413174
0.12375250
0.03792415
0.18962076
0.38123752
0.03792415
0.02195609
0.49900200
0.18562874
0.80838323
0.30339321
0.22754491
0.57485030
0.81037924
0.99401198
0.54890220
0.26347305
0.72255489
0.10978044
0.95009980
0.77445110
0.10179641
0.36526946
0.80439122
0.22554890
0.59281437
0.89620758
0.10179641
0.51896208
0.58483034
0.77644711
0.71257485
0.06387226
0.67465070
0.90419162
0.43313373
0.06786427
0.96207585
0.99001996
0.27944112
0.99201597
0.28742515
0.16966068
0.38323353
0.47504990
0.29341317
0.29141717
0.22954092
0.77245509
0.39920160
0.46706587
0.47105788
0.25948104
0.81836327
0.93213573
0.22954092
0.06586826
0.11776447
0.24950100
0.52694611
0.41516966
0.18562874
0.06187625
0.73253493
0.76047904
0.93013972
0.10978044
0.41916168
0.87425150
0.17365269
0.90818363
0.46307385
0.57684631
0.21357285
0.77045908
0.07584830
0.60479042
0.70259481
0.84431138
0.83433134
0.99001996
0.36127745
0.07584830
0.06387226
0.01197605
0.58083832
0.03592814
0.63073852
0.95608782
0.40518962
0.26546906
0.09181637
0.70259481
0.88822355
0.14770459
0.01996008
0.85029940
0.40718563
0.13373253
0.52495010
0.82834331
0.89421158
0.97804391
0.45508982
0.80439122
0.35928144
0.52095808
0.10778443
0.22155689
0.28542914
0.69261477
0.00399202
0.46506986
0.25149701
0.60279441
0.14570858
0.27744511
0.72255489
0.10578842
0.88423154
0.24151697
0.50099800
0.12375250
0.78642715
0.12375250
0.96806387
0.74051896
0.99600798
0.33133733
0.92215569
0.01796407
0.52894212
0.32934132
0.44111776
0.87025948
0.76646707
0.91816367
0.44510978
0.71457086
0.11576846
0.05588822
0.78642715
0.72854291
0.76247505
0.38522954
0.58882236
0.59481038
0.74650699
0.30738523
0.26347305
0.13972056
0.00598802
0.02794411
0.34131737
0.39121756
0.23353293
0.38323353
0.83033932
0.25548902
0.61676647
0.82235529
0.71656687
0.43912176
0.20958084
0.85628743
0.34930140
0.71856287
0.82634731
0.35129741
0.60479042
0.87425150
0.91417166
0.51097804
0.35928144
0.78243513
0.31337325
0.45908184
0.44510978
0.77644711
0.31337325
0.42315369
0.34131737
0.61676647
0.33133733
0.10578842
0.24151697
0.84031936
0.11576846
0.36127745
0.00199601
0.80239521
0.38522954
0.10778443
0.69261477
0.27145709
0.72455090
0.79640719
0.16167665
0.58483034
0.76247505
0.42514970
0.75648703
0.36726547
0.94211577
0.29540918
0.71656687
0.16167665
0.15568862
0.16966068
0.48702595
0.20359281
0.96806387
0.61676647
0.20359281
0.44510978
0.31736527
0.95608782
0.81636727
0.91017964
0.82435130
0.21556886
0.98602794
0.30339321
0.29940120
0.14171657
0.24750499
0.68463074
0.03792415
0.99001996
0.30339321
0.20558882
0.64071856
0.54890220
0.17564870
0.38922156
0.83632735
0.36726547
0.29141717
0.00199601
0.47305389
0.26746507
0.54291417
0.14171657
0.59281437
0.23552894
0.30339321
0.17764471
0.57285429
0.41916168
0.22355289
0.98802395
0.32335329
0.86227545
0.00798403
0.51497006
0.96407186
0.10578842
0.81636727
0.75648703
0.31936128
0.01397206
0.30139721
0.01197605
0.19560878
0.90618762
0.33932136
0.44311377
0.33532934
0.05189621
0.70059880
0.05189621
0.36526946
0.30738523
0.57485030
0.17165669
0.66267465
0.75049900
0.48103792
0.60479042
0.82035928
0.77245509
0.32734531
0.54690619
0.21756487
0.33932136
0.96606786
0.02195609
0.35728543
0.25349301
0.21357285
0.01397206
0.11177645
0.54890220
0.29740519
0.88223553
0.40119760
0.71856287
0.85628743
0.74451098
0.88622754
0.98602794
0.65069860
0.95608782
0.06786427
0.29540918
0.73652695
0.42914172
0.49900200
0.45309381
0.49301397
0.47105788
0.53692615
0.41516966
0.62075848
0.45508982
0.60279441
0.64471058
0.08582834
0.79441118
0.16766467
0.92814371
0.00399202
0.62275449
0.84630739
0.56487026
0.74850299
0.32335329
0.23552894
0.40319361
0.11576846
0.02594810
0.19760479
0.62874251
0.04790419
0.38522954
0.65069860
0.78043912
0.16566866
0.42315369
0.65868263
0.68463074
0.75848303
0.05389222
0.71457086
0.15568862
0.47305389
0.83033932
0.62275449
0.94810379
0.36127745
0.20159681
0.32135729
0.05788423
0.33732535
0.01596806
0.54491018
0.96007984
0.29940120
0.00598802
0.86626747
0.85229541
0.39720559
0.16566866
0.17964072
0.63273453
0.66866267
0.23752495
0.91217565
0.77245509
0.37924152
0.76846307
0.41117764
0.97804391
0.85029940
0.53093812
0.46906188
0.74650699
0.13572854
0.93812375
0.62674651
0.03592814
0.94011976
0.21556886
0.73652695
0.79840319
0.99800399
0.08582834
0.44710579
0.18962076
0.41516966
0.12574850
0.08782435
0.88822355
0.51497006
0.74650699
0.60079840
0.25149701
0.78243513
0.37924152
0.53892216
0.16766467
0.27345309
0.16766467
0.85229541
0.65868263
0.22954092
0.50698603
0.83632735
0.82035928
0.91816367
0.21357285
0.80638723
0.23752495
0.31736527
0.51896208
0.92215569
0.39121756
0.13972056
0.99800399
0.81836327
0.02794411
0.90818363
0.11976048
0.92415170
0.21756487
0.82435130
0.12574850
0.84031936
0.38522954
0.18363273
0.12574850
0.87824351
0.52295409
0.38123752
0.60279441
0.58083832
0.12574850
