0.39920160
0.62874251
0.37924152
0.96207585
0.65668663
0.16966068
0.24750499
0.15169661
0.66866267
0.86227545
0.48502994
0.48303393
0.81437126
0.06586826
0.20958084
0.13572854
0.22155689
0.62275449
0.87425150
0.37325349
0.65668663
0.68662675
0.12175649
0.45708583
0.35728543
0.85029940
0.24750499
0.42914172
0.25349301
0.09580838
0.16566866
0.63273453
0.06187625
0.93213573
0.70059880
0.39321357
0.77644711
0.10179641
0.64271457
0.13572854
0.36526946
0.60479042
0.15568862
0.60279441
0.12574850
0.21556886
0.14171657
0.69061876
0.84231537
0.68862275
0.47305389
0.50099800
0.08183633
0.65868263
0.28542914
0.84431138
0.00399202
0.86826347
0.57285429
0.49101796
0.07385230
0.04590818
0.53493014
0.93612774
0.79241517
0.24151697
0.19560878
0.72055888
0.39121756
0.60678643
0.69660679
0.24151697
0.95009980
0.16766467
0.00399202
0.17564870
0.51497006
0.55489022
0.03393214
0.35928144
0.71856287
0.69461078
0.78043912
0.31936128
0.32534930
0.79041916
0.53493014
0.69660679
0.31736527
0.11377246
0.12974052
0.73852295
0.88622754
0.54890220
0.57085828
0.44510978
0.05988024
0.75449102
0.20758483
0.15169661
0.83632735
0.24750499
0.15768463
0.22754491
0.55688623
0.12375250
0.22954092
0.18163673
0.55688623
0.79640719
0.89021956
0.62275449
0.44111776
0.13173653
0.43113772
0.41117764
0.12974052
0.93812375
0.51497006
0.56487026
0.04191617
0.71457086
0.99001996
0.19960080
0.39720559
0.98403194
0.21556886
0.82834331
0.75249501
0.72255489
0.53093812
0.62674651
0.75249501
0.70059880
0.17564870
0.85828343
0.04590818
0.52694611
0.06387226
0.22554890
0.53293413
0.96407186
0.57884232
0.87425150
0.02794411
0.82035928
0.26746507
0.42914172
0.09780439
0.25548902
0.99201597
0.58882236
0.08183633
0.56487026
0.61277445
0.22954092
0.18363273
0.25948104
0.46107784
0.95608782
0.67065868
0.50698603
0.51297405
0.48502994
0.95409182
0.04790419
0.97205589
0.14371257
0.40518962
0.80638723
0.91816367
0.99001996
0.50499002
0.48502994
0.70658683
0.75049900
0.14770459
0.38922156
0.63273453
0.10778443
0.28742515
0.70259481
0.87425150
0.35928144
0.62674651
0.68862275
0.75449102
0.25349301
0.20958084
0.76247505
0.27345309
0.12574850
0.80838323
0.66067864
0.32534930
0.56886228
0.27145709
0.91217565
0.54091816
0.42514970
0.06786427
0.17764471
0.35329341
0.65469062
0.22754491
0.70858283
0.26347305
0.43113772
0.90219561
0.54890220
0.06786427
0.08183633
0.12974052
0.12175649
0.48303393
0.62475050
0.89021956
0.07185629
0.05588822
0.57285429
0.44311377
0.07385230
0.99800399
0.12574850
0.90019960
0.65469062
0.35329341
0.02994012
0.30938124
0.13572854
0.48902196
0.62874251
0.06586826
0.58882236
0.07584830
0.46107784
0.22954092
0.11576846
0.40319361
0.64870259
0.19161677
0.28942116
0.66067864
0.15768463
0.88023952
0.30339321
0.18363273
0.33932136
0.82035928
0.20758483
0.66666667
0.15169661
0.42714571
0.69860279
0.27145709
0.20758483
0.75249501
0.45309381
0.16167665
0.36327345
0.39121756
0.24151697
0.85029940
0.20558882
0.10578842
0.06786427
0.44910180
0.68862275
0.22554890
0.12974052
0.70459082
0.27944112
0.44111776
0.57884232
0.47504990
0.39321357
0.14371257
0.18562874
0.13173653
0.50299401
0.12375250
0.44111776
0.77644711
0.58283433
0.08982036
0.02994012
0.26746507
0.18962076
0.17564870
0.08383234
0.36726547
0.08383234
0.41716567
0.75449102
0.81636727
0.55688623
0.50499002
0.58283433
0.01996008
0.13572854
0.21357285
0.33532934
0.99800399
0.37724551
0.91417166
0.64271457
0.44510978
0.87425150
0.68463074
0.86427146
0.04790419
0.84031936
0.49101796
0.72854291
0.23952096
0.74850299
0.47504990
0.27145709
0.81836327
0.14770459
0.15568862
0.39920160
0.56886228
0.26347305
0.24351297
0.76247505
0.89021956
0.34530938
0.93413174
0.93612774
0.06586826
0.33932136
0.43313373
0.20558882
0.08782435
0.50499002
0.48502994
0.95209581
0.34930140
0.62674651
0.08183633
0.21756487
0.20359281
0.64471058
0.27544910
0.50099800
0.58083832
0.29740519
0.39321357
0.66067864
0.11576846
0.63273453
0.69860279
0.09580838
0.07185629
0.77045908
0.13972056
0.24351297
0.45309381
0.60678643
0.88223553
0.60479042
0.90419162
0.50698603
0.04990020
0.05189621
0.58083832
0.93812375
0.04790419
0.18562874
0.54491018
0.51896208
0.77844311
0.84630739
0.53692615
0.10578842
0.66467066
0.40718563
0.24351297
0.93812375
0.51097804
0.89021956
0.41117764
0.48303393
0.08982036
0.54291417
0.69261477
0.35129741
0.45508982
0.86227545
0.07784431
0.21556886
0.69860279
0.68063872
0.82235529
0.53692615
0.34730539
0.28143713
0.36726547
0.01596806
0.01796407
0.26147705
0.08582834
0.13373253
0.52495010
0.22355289
0.81836327
0.03592814
0.11776447
0.22355289
0.00798403
0.01996008
0.57884232
0.94810379
0.97405190
0.47105788
0.98203593
0.93612774
0.05389222
0.24351297
0.10978044
0.31137725
0.63273453
0.16966068
0.43912176
0.68063872
0.57085828
0.70658683
0.58483034
0.78243513
0.16367265
0.09580838
0.47704591
0.79840319
0.21756487
0.96806387
0.35728543
0.40518962
0.44111776
0.50499002
0.00598802
0.43113772
0.28343313
0.74850299
0.21956088
0.62674651
0.57684631
0.49900200
0.19161677
0.88223553
0.21756487
0.48103792
0.42115768
0.40518962
0.88223553
0.53293413
0.12574850
0.81636727
0.99800399
0.05788423
0.04790419
0.76447106
0.48502994
0.96007984
0.74850299
0.66467066
0.57684631
0.79640719
0.70259481
0.57684631
0.91816367
0.47105788
0.46706587
0.85828343
0.94810379
0.62275449
0.55089820
0.45908184
0.55888224
0.17365269
0.89421158
0.05788423
0.38323353
0.64071856
0.11776447
0.52694611
0.48303393
0.86227545
0.21956088
0.36526946
0.14770459
0.50698603
0.03193613
0.08582834
0.43113772
0.28942116
0.22954092
0.31337325
0.57285429
0.84431138
0.24950100
0.80039920
0.04391218
0.28542914
0.14171657
0.74650699
0.57684631
0.25149701
0.62874251
0.39121756
0.43113772
0.47704591
0.89221557
0.52495010
0.60079840
0.22355289
0.10578842
0.88622754
0.23153693
0.80638723
0.16766467
0.55089820
0.49900200
0.72255489
0.46107784
0.28542914
0.54291417
0.07984032
0.20958084
0.55489022
0.41516966
0.69860279
0.84431138
0.15768463
0.55888224
0.83433134
0.69061876
0.18363273
0.43712575
0.08183633
0.63273453
0.93013972
0.85628743
0.34530938
0.64271457
0.67265469
0.94211577
0.54690619
0.18762475
0.95209581
0.79041916
0.67065868
0.80638723
0.86626747
0.15169661
0.71457086
0.70858283
0.04990020
0.96606786
0.92015968
0.41117764
0.55089820
0.07385230
0.66267465
0.10379242
0.04990020
0.09181637
0.36127745
0.14770459
0.92015968
0.48303393
0.11776447
0.67265469
0.26147705
0.30538922
0.45109780
0.96207585
0.97205589
0.42714571
0.56087824
0.82435130
0.94610778
0.89620758
0.76247505
0.09580838
0.25748503
0.77644711
0.15369261
0.43512974
0.45708583
0.13572854
0.28343313
0.37125749
0.67864271
0.63872255
0.02794411
0.58283433
0.84031936
0.44510978
0.06986028
0.99800399
0.83832335
0.26546906
0.78443114
0.21556886
0.10978044
0.34730539
0.66866267
0.56287425
0.44311377
0.15768463
0.92814371
0.18163673
0.70059880
0.42514970
0.24151697
0.51097804
0.69261477
0.13373253
0.05788423
0.10778443
0.18363273
0.43712575
0.20159681
0.22954092
0.06986028
0.55688623
0.92215569
0.74051896
0.04590818
0.42315369
0.56686627
0.09980040
0.80638723
0.32335329
0.33732535
0.13173653
0.79840319
0.07185629
0.74850299
0.73852295
0.56686627
0.66866267
0.94211577
0.22954092
0.07385230
0.50299401
0.02395210
0.50299401
0.04590818
0.47704591
0.93213573
0.25948104
0.20159681
0.07185629
0.52894212
0.76646707
0.03193613
0.76447106
0.99401198
0.21956088
0.10978044
0.64471058
0.71656687
0.77245509
0.97604790
0.33732535
0.95009980
0.73253493
0.73453094
0.87025948
0.16966068
0.29940120
0.45708583
0.01397206
0.90019960
0.23153693
0.95009980
0.18163673
0.58283433
0.36926148
0.06586826
0.88023952
0.54091816
0.30938124
0.06187625
0.54091816
0.07185629
0.79840319
0.93612774
0.84431138
0.37125749
0.87425150
0.63872255
0.42514970
0.22554890
0.66666667
0.64670659
0.40918164
0.69660679
0.29540918
0.46906188
0.07185629
0.07385230
0.91616766
0.57285429
0.63672655
0.39520958
0.35329341
0.53093812
0.58483034
0.21556886
0.19161677
0.12175649
0.47305389
0.45708583
0.34530938
0.39121756
0.16167665
0.34730539
0.85828343
0.15968064
0.55489022
0.62874251
0.66067864
0.52095808
0.76646707
0.94211577
0.30538922
0.70459082
0.54690619
0.37924152
0.66467066
0.27544910
0.86027944
0.18762475
0.18762475
0.30139721
0.55688623
0.68862275
0.27744511
0.67864271
0.23952096
0.25548902
0.23552894
0.55289421
0.40119760
0.14570858
0.18163673
0.52894212
0.07185629
0.41916168
0.00598802
0.64071856
0.50499002
0.05189621
0.86427146
0.27744511
0.68263473
0.62674651
0.83233533
0.40918164
0.78243513
0.38323353
0.77245509
0.28343313
0.97804391
0.18163673
0.89021956
0.11377246
0.09580838
0.11377246
0.30139721
0.16566866
0.71457086
0.61077844
0.69461078
0.31337325
0.27944112
0.73652695
0.72854291
0.97005988
0.98003992
0.23153693
0.33932136
0.53892216
0.24550898
0.09181637
0.18363273
0.47305389
0.89021956
0.70059880
0.27544910
0.09980040
0.48902196
0.38722555
0.26147705
0.42115768
0.72654691
0.48902196
0.27944112
0.00199601
0.67664671
0.19161677
0.30139721
0.22155689
0.43313373
0.17165669
0.25548902
0.25748503
0.53692615
0.23353293
0.13772455
0.79441118
0.23353293
0.97604790
0.38522954
0.50299401
0.96806387
0.04990020
0.58083832
0.48303393
0.20159681
0.62874251
0.30938124
0.82634731
0.24151697
0.94411178
0.19960080
0.34131737
0.26347305
0.07784431
0.67664671
0.03792415
0.25548902
0.15568862
0.33732535
0.65868263
0.51696607
0.81237525
0.34131737
0.23353293
0.78642715
0.78443114
0.20758483
0.39520958
0.24550898
0.43912176
0.25149701
0.85828343
0.25748503
0.17964072
0.14770459
0.66467066
0.08183633
0.48303393
0.42315369
0.68463074
0.25548902
0.64471058
0.79840319
0.60479042
0.69660679
0.94810379
0.63273453
0.82235529
0.10578842
0.25948104
0.83632735
0.34131737
0.32335329
0.42914172
0.47504990
0.23353293
0.45908184
0.25548902
0.86427146
0.49900200
0.68463074
0.52694611
0.06586826
0.64471058
0.13373253
0.93612774
0.01197605
0.47704591
0.82834331
0.46307385
0.59081836
0.52495010
0.67265469
0.62275449
0.08982036
0.82435130
0.67065868
0.40119760
0.03592814
0.33133733
0.53093812
0.58682635
0.09780439
0.38123752
0.76646707
0.48902196
0.58483034
0.04790419
0.64471058
0.12375250
0.44910180
0.51896208
0.72654691
0.68463074
0.26546906
0.19960080
0.22155689
0.06387226
0.28942116
0.65868263
0.37724551
0.84830339
0.40718563
0.02994012
0.78043912
0.74451098
0.19560878
0.25748503
0.12974052
0.48702595
0.68263473
0.36127745
0.68862275
0.53692615
0.29740519
0.67465070
0.20758483
0.78443114
0.52694611
0.46107784
0.32734531
0.71457086
0.13173653
0.18363273
0.51896208
0.03393214
0.65069860
0.16367265
0.75249501
0.67265469
0.95808383
0.11177645
0.41916168
0.25149701
0.57285429
0.08582834
0.04790419
0.84231537
0.41716567
0.94610778
0.78642715
0.14371257
0.50898204
0.43912176
0.35928144
0.23952096
0.29940120
0.70858283
0.95209581
0.59680639
0.13772455
0.30738523
0.85828343
0.78842315
0.65469062
0.22355289
0.47704591
0.21357285
0.19361277
0.39321357
0.58083832
0.19960080
0.10978044
0.90618762
0.69860279
0.92614770
0.89021956
0.14770459
0.93612774
0.28942116
0.74451098
0.10578842
0.83832335
0.26147705
0.21956088
0.06586826
0.89021956
0.40718563
0.92415170
0.41716567
0.36327345
0.08582834
