0.27544910
0.64071856
0.70459082
0.93812375
0.40918164
0.09980040
0.29540918
0.05189621
0.35928144
0.63872255
0.39920160
0.25149701
0.61277445
0.37125749
0.11177645
0.09780439
0.25748503
0.63872255
0.72854291
0.25149701
0.43912176
0.53293413
0.09181637
0.46506986
0.22754491
0.63273453
0.31936128
0.24950100
0.01397206
0.02994012
0.23552894
0.44311377
0.05988024
0.51896208
0.40918164
0.66666667
0.55489022
0.03792415
0.30938124
0.14570858
0.61077844
0.76646707
0.11976048
0.45309381
0.07984032
0.06786427
0.23752495
0.57884232
0.63872255
0.47105788
0.70658683
0.59281437
0.09381238
0.41117764
0.14970060
0.40518962
0.26946108
0.84830339
0.28742515
0.42914172
0.62275449
0.00998004
0.83832335
0.88423154
0.51497006
0.32934132
0.99800399
0.57085828
0.28542914
0.45908184
0.55489022
0.12375250
0.14770459
0.07185629
0.48902196
0.19560878
0.44111776
0.69061876
0.00598802
0.45309381
0.60878244
0.58682635
0.87425150
0.15568862
0.08782435
0.04590818
0.30139721
0.46906188
0.35329341
0.09980040
0.13772455
0.52295409
0.09580838
0.37524950
0.86626747
0.30538922
0.02794411
0.90019960
0.67065868
0.07185629
0.59680639
0.17564870
0.09181637
0.16167665
0.34530938
0.02994012
0.23153693
0.12175649
0.34131737
0.79441118
0.90419162
0.49500998
0.19161677
0.03792415
0.24950100
0.76646707
0.01796407
0.77844311
0.39520958
0.73253493
0.01996008
0.15768463
0.73453094
0.44510978
0.34131737
0.92015968
0.12774451
0.68662675
0.57684631
0.53692615
0.32934132
0.47305389
0.67864271
0.53093812
0.10778443
0.72055888
0.02994012
0.24151697
0.05189621
0.96806387
0.03193613
0.86027944
0.20159681
0.73652695
0.00998004
0.87225549
0.26347305
0.42315369
0.04990020
0.16566866
0.97405190
0.36526946
0.05788423
0.35728543
0.61876248
0.10778443
0.06187625
0.53892216
0.75449102
0.99600798
0.66467066
0.06387226
0.77445110
0.56487026
0.97604790
0.28942116
0.89421158
0.04391218
0.30738523
0.72455090
0.25349301
0.97604790
0.33333333
0.25948104
0.36127745
0.90818363
0.08582834
0.13173653
0.40918164
0.08183633
0.15768463
0.40119760
0.90219561
0.31137725
0.61876248
0.42914172
0.61676647
0.24750499
0.08383234
0.59481038
0.19361277
0.07784431
0.68662675
0.40518962
0.35129741
0.07185629
0.40518962
0.97804391
0.98602794
0.64271457
0.04590818
0.21357285
0.41516966
0.31337325
0.19361277
0.34131737
0.15968064
0.33532934
0.19361277
0.37724551
0.01796407
0.07784431
0.16766467
0.66267465
0.55888224
0.47105788
0.88622754
0.03992016
0.03393214
0.59680639
0.26546906
0.02195609
0.93213573
0.66067864
0.74451098
0.54690619
0.21157685
0.11776447
0.26347305
0.07584830
0.43912176
0.43912176
0.08582834
0.17764471
0.03393214
0.23353293
0.14770459
0.50499002
0.14171657
0.34331337
0.13373253
0.26147705
0.68463074
0.07784431
0.80239521
0.90618762
0.27944112
0.11177645
0.76047904
0.66067864
0.35129741
0.18762475
0.27744511
0.06387226
0.52295409
0.10179641
0.44311377
0.38323353
0.06387226
0.09181637
0.60678643
0.10379242
0.01996008
0.44710579
0.01197605
0.03592814
0.12774451
0.57884232
0.83632735
0.05788423
0.62075848
0.71656687
0.01996008
0.46706587
0.28143713
0.10778443
0.06387226
0.11576846
0.25149701
0.19361277
0.23552894
0.35728543
0.62674651
0.52095808
0.10778443
0.90019960
0.18962076
0.19161677
0.01796407
0.03193613
0.17365269
0.35528942
0.31736527
0.71656687
0.60279441
0.55688623
0.48502994
0.43512974
0.96007984
0.14371257
0.25349301
0.14770459
0.88622754
0.80638723
0.63273453
0.39121756
0.45508982
0.86826347
0.56686627
0.46506986
0.03592814
0.82035928
0.58083832
0.03992016
0.01197605
0.66267465
0.46706587
0.33732535
0.77644711
0.29141717
0.12375250
0.73053892
0.23552894
0.18562874
0.15768463
0.64071856
0.83233533
0.13972056
0.52095808
0.86427146
0.03193613
0.25149701
0.53493014
0.29740519
0.02195609
0.40319361
0.28143713
0.88423154
0.14770459
0.97205589
0.04790419
0.03992016
0.31736527
0.36926148
0.19560878
0.02195609
0.07584830
0.23552894
0.53692615
0.42115768
0.24950100
0.29341317
0.31936128
0.08383234
0.11177645
0.53692615
0.63672655
0.52295409
0.92215569
0.52495010
0.62075848
0.55489022
0.85429142
0.05389222
0.06187625
0.04990020
0.55289421
0.26746507
0.56287425
0.13173653
0.31736527
0.88423154
0.55489022
0.80638723
0.24950100
0.09580838
0.64071856
0.30139721
0.21556886
0.42914172
0.58483034
0.76646707
0.49101796
0.27544910
0.02594810
0.24750499
0.83233533
0.24550898
0.37524950
0.73852295
0.03193613
0.78642715
0.37924152
0.26147705
0.03193613
0.78043912
0.53293413
0.22954092
0.20159681
0.89221557
0.77245509
0.13173653
0.04391218
0.05588822
0.62874251
0.45508982
0.67065868
0.00798403
0.04590818
0.13173653
0.99999900
0.20159681
0.33133733
0.20359281
0.86427146
0.18762475
0.42315369
0.91816367
0.57085828
0.08582834
0.37724551
0.16566866
0.64670659
0.10379242
0.22554890
0.32135729
0.31736527
0.77844311
0.52095808
0.65868263
0.06387226
0.30139721
0.46107784
0.81237525
0.11576846
0.95608782
0.16766467
0.01397206
0.69461078
0.67265469
0.76247505
0.36926148
0.18762475
0.16566866
0.18762475
0.56087824
0.75049900
0.39321357
0.19560878
0.01796407
0.10379242
0.65668663
0.39520958
0.94411178
0.85628743
0.24750499
0.10179641
0.67864271
0.99201597
0.05189621
0.00798403
0.53093812
0.34530938
0.50698603
0.99401198
0.44510978
0.44510978
0.77445110
0.46107784
0.45908184
0.47704591
0.26546906
0.35528942
0.60678643
0.89421158
0.43512974
0.36127745
0.99800399
0.08582834
0.09980040
0.05189621
0.23153693
0.01197605
0.56886228
0.66467066
0.30339321
0.24950100
0.59680639
0.11576846
0.45508982
0.19560878
0.28942116
0.30538922
0.04590818
0.28942116
0.19161677
0.41916168
0.25349301
0.64870259
0.55089820
0.54491018
0.46506986
0.04790419
0.21956088
0.06586826
0.67864271
0.70459082
0.14770459
0.74051896
0.75449102
0.84630739
0.38123752
0.34331337
0.46706587
0.69860279
0.02395210
0.09381238
0.60279441
0.16766467
0.44710579
0.36926148
0.08383234
0.39321357
0.33732535
0.65868263
0.56287425
0.58283433
0.79241517
0.20359281
0.32135729
0.27345309
0.13972056
0.58882236
0.19760479
0.48303393
0.55289421
0.10379242
0.20958084
0.38922156
0.01996008
0.31936128
0.75648703
0.84031936
0.18762475
0.41916168
0.34930140
0.90818363
0.32135729
0.14970060
0.99800399
0.59481038
0.99201597
0.21157685
0.79041916
0.15369261
0.53892216
0.36926148
0.00998004
0.98802395
0.75449102
0.18363273
0.32335329
0.04590818
0.30339321
0.05988024
0.04590818
0.01397206
0.56287425
0.10179641
0.94610778
0.57684631
0.14970060
0.48902196
0.29540918
0.17564870
0.54291417
0.96806387
0.99600798
0.26746507
0.54890220
0.97005988
0.11377246
0.72255489
0.65269461
0.12774451
0.18363273
0.57085828
0.15169661
0.34730539
0.23153693
0.17964072
0.23153693
0.11377246
0.56087824
0.63672655
0.01796407
0.58083832
0.87025948
0.07984032
0.72455090
0.98003992
0.82235529
0.34930140
0.63073852
0.12974052
0.07784431
0.02994012
0.20159681
0.39121756
0.79640719
0.10778443
0.86227545
0.07385230
0.00598802
0.31137725
0.20758483
0.23552894
0.38522954
0.07185629
0.02195609
0.08782435
0.20758483
0.30738523
0.13972056
0.11576846
0.09580838
0.39121756
0.69461078
0.41317365
0.02794411
0.55089820
0.23353293
0.05189621
0.67664671
0.14970060
0.19560878
0.09381238
0.73053892
0.03592814
0.38522954
0.54491018
0.43512974
0.38922156
0.88622754
0.51696607
0.95409182
0.42315369
0.85828343
0.67465070
0.78443114
0.32934132
0.89021956
0.18163673
0.11776447
0.02994012
0.30738523
0.36327345
0.01796407
0.36127745
0.52295409
0.13972056
0.03592814
0.52894212
0.40119760
0.56087824
0.89021956
0.15768463
0.93013972
0.53093812
0.73053892
0.89021956
0.15768463
0.29540918
0.23752495
0.13373253
0.42714571
0.60479042
0.92614770
0.37325349
0.23752495
0.34730539
0.03393214
0.76846307
0.40918164
0.11776447
0.01197605
0.23353293
0.03592814
0.45908184
0.41716567
0.64670659
0.65668663
0.83033932
0.65868263
0.28942116
0.16167665
0.97005988
0.47305389
0.11776447
0.54890220
0.36127745
0.45908184
0.03992016
0.04990020
0.94211577
0.37724551
0.46506986
0.90618762
0.01197605
0.38323353
0.33532934
0.16367265
0.13972056
0.04391218
0.41716567
0.22155689
0.48702595
0.61876248
0.05189621
0.31337325
0.90019960
0.13972056
0.48103792
0.48103792
0.51497006
0.63872255
0.54491018
0.86227545
0.45109780
0.48303393
0.47704591
0.12375250
0.74650699
0.22554890
0.68862275
0.10179641
0.12574850
0.22355289
0.34730539
0.25948104
0.23952096
0.56487026
0.28343313
0.16367265
0.17764471
0.45708583
0.53892216
0.11377246
0.12974052
0.16966068
0.02195609
0.75648703
0.27544910
0.41117764
0.69860279
0.02794411
0.36726547
0.26347305
0.64271457
0.46307385
0.64071856
0.52894212
0.80039920
0.86826347
0.15568862
0.17764471
0.85628743
0.08383234
0.75249501
0.06586826
0.05788423
0.03193613
0.24750499
0.12574850
0.47105788
0.65868263
0.91816367
0.19560878
0.15968064
0.96407186
0.36526946
0.84830339
0.94610778
0.01796407
0.27744511
0.73453094
0.25349301
0.03393214
0.53692615
0.34730539
0.43912176
0.30738523
0.07984032
0.11177645
0.25948104
0.31736527
0.35728543
0.13572854
0.68463074
0.31936128
0.44111776
0.00998004
0.85429142
0.10578842
0.14171657
0.00598802
0.30938124
0.16367265
0.23552894
0.87025948
0.70459082
0.28343313
0.57485030
0.09381238
0.20958084
0.93413174
0.15169661
0.53493014
0.72055888
0.01596806
0.73852295
0.27744511
0.07385230
0.41317365
0.37125749
0.53892216
0.24351297
0.80439122
0.15169661
0.21357285
0.19760479
0.02195609
0.61277445
0.00998004
0.21357285
0.10578842
0.30738523
0.73253493
0.07584830
0.86227545
0.24950100
0.07185629
0.58882236
0.50099800
0.19161677
0.29141717
0.27744511
0.75648703
0.27145709
0.93612774
0.23752495
0.40518962
0.07784431
0.29341317
0.05189621
0.49500998
0.11377246
0.40319361
0.12774451
0.75249501
0.57884232
0.43512974
0.45708583
0.00998004
0.48103792
0.77844311
0.98403194
0.14970060
0.93812375
0.53692615
0.18962076
0.47904192
0.58882236
0.07185629
0.41716567
0.14171657
0.54890220
0.90019960
0.94411178
0.43512974
0.69261477
0.48303393
0.06187625
0.93413174
0.53293413
0.48502994
0.68263473
0.44311377
0.68463074
0.91816367
0.88223553
0.13373253
0.02994012
0.57085828
0.49500998
0.31337325
0.02195609
0.32934132
0.55688623
0.40119760
0.10379242
0.51297405
0.76247505
0.32734531
0.58083832
0.10179641
0.83832335
0.15169661
0.09181637
0.16566866
0.94610778
0.36327345
0.37524950
0.26546906
0.83433134
0.04391218
0.20359281
0.88223553
0.21357285
0.77045908
0.58483034
0.05988024
0.57085828
0.69461078
0.02994012
0.59880240
0.62674651
0.38522954
0.69660679
0.28343313
0.43912176
0.28942116
0.27544910
0.49700599
0.15968064
0.61477046
0.25548902
0.34530938
0.18762475
0.71856287
0.07984032
0.12774451
0.32734531
0.00998004
0.40718563
0.17165669
0.74051896
0.51297405
0.86826347
0.09381238
0.45708583
0.59481038
0.87025948
0.03992016
0.01996008
0.67864271
0.45508982
0.94211577
0.88822355
0.04790419
0.18363273
0.72854291
0.14770459
0.65269461
0.47904192
0.92015968
0.96007984
0.49700599
0.06586826
0.25948104
0.76846307
0.82834331
0.35129741
0.60279441
0.16766467
0.24351297
0.07984032
0.16566866
0.30738523
0.07185629
0.11377246
0.76646707
0.56487026
0.01796407
0.77844311
0.42315369
0.91017964
0.20159681
0.63073852
0.09980040
0.52095808
0.08982036
0.63073852
0.02794411
0.90019960
0.25149701
0.36327345
0.34730539
0.17764471
0.06786427
