0.36616606
0.39753410
0.44691530
0.99794311
0.43561216
0.10272957
0.22136136
0.09164290
0.51738985
0.14230148
0.56367213
0.34205524
0.62304826
0.04610080
0.12211405
0.13740594
0.15634527
0.72277093
0.94126323
0.24119917
0.77325596
0.61836189
0.12027292
0.07844797
0.43348083
0.91690700
0.00784482
0.26904734
0.68305842
0.04448051
0.09672279
0.42745611
0.01845134
0.97569412
0.55116569
0.46398818
0.54024281
0.07827574
0.49158744
0.22211558
0.18574885
0.66771961
0.12126512
0.61462023
0.18811211
0.14224132
0.07354403
0.58493689
0.64321367
0.27314078
0.33315509
0.22092844
0.04894476
0.22901972
0.03971595
0.08027907
0.00000100
0.86163332
0.54291439
0.44687388
0.05218480
0.05884988
0.21545349
0.16571780
0.84517854
0.07201604
0.20203465
0.72505612
0.34216226
0.43291043
0.54880059
0.27107559
0.10161832
0.23413670
0.00000100
0.07460783
0.56390571
0.64381899
0.01817804
0.15985591
0.73604808
0.38434203
0.89131566
0.34148782
0.31543441
0.64332450
0.05888881
0.44146687
0.50498721
0.04516815
0.08985986
0.08432205
0.22845284
0.51829117
0.61117434
0.25699784
0.02440149
0.64307577
0.12497267
0.10963927
0.65533465
0.59789826
0.06141812
0.09962334
0.65057301
0.58039654
0.11813240
0.11769329
0.27622054
0.73175612
0.94296731
0.64866199
0.45359892
0.11628019
0.36616606
0.43766691
0.12896799
0.87612499
0.55906214
0.63493564
0.04618152
0.66885172
0.88392656
0.12116283
0.63027148
0.74592386
0.12211405
0.91934779
0.59567708
0.75527425
0.54291439
0.43291043
0.41256186
0.42597795
0.06141812
0.47260651
0.00692428
0.52686624
0.00477683
0.14014130
0.67081563
0.14602694
0.27530376
0.85328312
0.00575364
0.82257965
0.51017051
0.50540980
0.05506279
0.17119638
0.65163857
0.54429213
0.04675122
0.62202289
0.70826824
0.35909983
0.11400959
0.21335596
0.26342926
0.98671774
0.27842387
0.36473168
0.19772094
0.60149919
0.26519558
0.00216299
0.99159809
0.06872579
0.11276480
0.83268323
0.71587368
0.99997307
0.22462225
0.33162494
0.65375730
0.62887199
0.04628161
0.22343574
0.77154127
0.06083738
0.40228255
0.81675282
0.94660847
0.18365370
0.26081129
0.68656272
0.38521306
0.25051620
0.14793836
0.69180475
0.19237757
0.12284791
0.85628053
0.25021152
0.09302432
0.94739068
0.24786099
0.98152170
0.46428924
0.29202058
0.05218146
0.36921863
0.43599257
0.46449115
0.15154147
0.69816968
0.27257540
0.39563116
0.95080301
0.10308200
0.05994350
0.02313418
0.19228881
0.01713605
0.09351344
0.24605083
0.64407792
0.04719371
0.02968055
0.47109357
0.20322286
0.02149001
0.50152326
0.24628629
0.80706665
0.37585294
0.31106240
0.00000100
0.37125608
0.08044710
0.34970954
0.44642375
0.03564549
0.41616520
0.04085800
0.39589563
0.22008950
0.05634480
0.26814343
0.54222275
0.13075129
0.29529335
0.51718561
0.01397683
0.90082301
0.94018532
0.24103281
0.16129583
0.66900881
0.12358242
0.75626558
0.13829300
0.58745846
0.66683768
0.07066425
0.10493268
0.55213805
0.51141956
0.08974636
0.47953670
0.15317375
0.23794671
0.68642526
0.14877550
0.14543376
0.78587273
0.17985400
0.48608730
0.20157454
0.12636121
0.15826281
0.09359149
0.52962048
0.51085565
0.77406460
0.21109196
0.07952987
0.20162411
0.24722311
0.44759250
0.10234357
0.27113729
0.58378932
0.42099689
0.08938465
0.00000100
0.11985150
0.20497567
0.22385115
0.16378322
0.20018296
0.04160798
0.99451130
0.30002563
0.72068607
0.05201423
0.01917410
0.44055340
0.00000100
0.16821359
0.08199982
0.22534838
0.93179162
0.33117887
0.75193082
0.66787267
0.29932693
0.39707661
0.58042012
0.88519030
0.00147276
0.91115407
0.47606540
0.75076602
0.48313981
0.06693515
0.04286579
0.12744445
0.88770463
0.03478622
0.06141486
0.31224946
0.02186711
0.20222803
0.14594209
0.63067846
0.95410056
0.25570585
0.58716848
0.50212379
0.01620834
0.12599397
0.52337128
0.07913960
0.12653004
0.48760848
0.32821586
0.91747597
0.19998116
0.28825564
0.07140356
0.11323732
0.03421819
0.56381134
0.06041276
0.27296997
0.94354347
0.25320423
0.25238653
0.78511625
0.08824654
0.42117035
0.55071793
0.07772253
0.03409082
0.58803460
0.01108978
0.18666060
0.23171373
0.44910324
0.89850849
0.76090301
0.79809785
0.75273120
0.11834467
0.00958941
0.51332594
0.83147056
0.00035907
0.09349404
0.63685807
0.89684667
0.55687292
0.88086095
0.58176960
0.17656201
0.32850838
0.34888339
0.09998131
0.97021564
0.00478728
0.37933587
0.15496494
0.43663891
0.04094476
0.71270322
0.38348864
0.21781372
0.38460729
0.99313621
0.01235157
0.36381680
0.40034519
0.53694582
0.60491781
0.28390769
0.26480074
0.52381937
0.43173677
0.43122522
0.00000100
0.16846174
0.06339123
0.13986292
0.72270811
0.81444143
0.48725395
0.00217248
0.05139732
0.08938013
0.00000100
0.43966131
0.32876173
0.95904826
0.85794701
0.44591505
0.93763420
0.83230613
0.03696578
0.21591231
0.22431063
0.30670816
0.38800089
0.16326846
0.14068314
0.59595362
0.65605652
0.65874150
0.66375211
0.55061302
0.16228040
0.00392495
0.28795670
0.75017612
0.04135626
0.99023277
0.55707901
0.67614304
0.43463054
0.37913144
0.00000100
0.37608916
0.17916033
0.83169478
0.18386549
0.78120590
0.63493564
0.75725615
0.16848412
0.93272093
0.15618823
0.61830206
0.14134976
0.41697774
0.73737597
0.49372931
0.02771009
0.64726300
0.48502906
0.03507192
0.00096687
0.83595873
0.71361543
0.26275900
0.68374707
0.44943980
0.33718655
0.55493242
0.44953163
0.23663480
0.96510016
0.30691542
0.40557627
0.21313344
0.83362054
0.48384307
0.28999421
0.40450886
0.37122796
0.04845698
0.94655604
0.00049148
0.68195918
0.67894805
0.07969430
0.64026331
0.31818115
0.91532312
0.16660291
0.42157216
0.36249901
0.55334773
0.00301337
0.06698146
0.42546085
0.04198150
0.60242024
0.08839783
0.48283441
0.89368423
0.06191690
0.79751512
0.00642794
0.17180298
0.03913336
0.77075863
0.12654556
0.45207979
0.61717613
0.11765357
0.47150199
0.27450926
0.84054215
0.79784999
0.65569198
0.13629029
0.14763694
0.15764442
0.31605387
0.38209042
0.11328474
0.56878321
0.73187341
0.55828616
0.54785425
0.17069347
0.40716246
0.01593799
0.20293439
0.64851257
0.32575143
0.40906158
0.38147071
0.12808543
0.42205776
0.11084841
0.30552065
0.08494360
0.68008937
0.07386641
0.63285330
0.21824637
0.79760849
0.37868857
0.53485797
0.70986415
0.05564390
0.37843558
0.15597139
0.82880212
0.56843144
0.59954303
0.87251692
0.74386955
0.13143070
0.73705048
0.74695837
0.04044919
0.24026063
0.98042704
0.20829684
0.71191809
0.05319656
0.49656197
0.09106244
0.01472313
0.08496367
0.31287279
0.10595602
0.59292648
0.31076653
0.04362615
0.49968247
0.09326905
0.36274627
0.09233332
0.94842553
0.97096827
0.36356144
0.05162489
0.94840730
0.80096144
0.62915589
0.77756175
0.05898501
0.20584843
0.47131090
0.12676921
0.20041504
0.51608704
0.06215032
0.25122624
0.38217939
0.29696577
0.63017891
0.10756064
0.57598020
0.85736157
0.53010806
0.07430742
0.99475588
0.86328369
0.11956251
0.58660987
0.05922754
0.07806008
0.32861402
0.43625043
0.40699691
0.27839373
0.06484706
0.88410134
0.06934569
0.62132086
0.28342706
0.13503749
0.43369014
0.49484307
0.09251052
0.02790047
0.07589122
0.13015206
0.64612692
0.08268593
0.21643253
0.02325959
0.50855346
0.95630866
0.82967125
0.00779303
0.29886316
0.45876029
0.08635791
0.74056767
0.32130741
0.30132745
0.13877338
0.60341549
0.01480987
0.58290382
0.79561206
0.60023832
0.79073054
0.97920731
0.70121295
0.05044563
0.32641677
0.00000100
0.06136485
0.02109180
0.24030775
0.95624859
0.52837422
0.18590132
0.05943900
0.51886852
0.64764332
0.01208500
0.43866037
0.73496595
0.32941602
0.01680428
0.95666109
0.48519082
0.50825790
0.99676024
0.30205067
0.98221992
0.90006013
0.61839000
0.96241763
0.27216214
0.23086485
0.11717745
0.00000100
0.28897657
0.02939095
0.79594589
0.03094865
0.23431535
0.53699362
0.01121492
0.56002413
0.41073057
0.30154807
0.05186668
0.47663329
0.01459333
0.77678715
0.76960672
0.12496826
0.42491207
0.52403130
0.56867524
0.46480874
0.51321224
0.36970009
0.28271430
0.52054754
0.73358541
0.22219811
0.09765813
0.04146031
0.03224131
0.95811184
0.55983866
0.38470754
0.24051288
0.34787955
0.25413385
0.37621134
0.25512657
0.25753459
0.15151747
0.12621379
0.29582005
0.47268473
0.23379253
0.10868379
0.39142560
0.72884963
0.17480972
0.89247042
0.44006632
0.62340511
0.38294288
0.53957946
0.08593367
0.26181745
0.88540160
0.82910704
0.20701665
0.60402951
0.15784131
0.42556977
0.17318651
0.28582550
0.20778125
0.67273882
0.66313632
0.24238899
0.49128782
0.28104591
0.14570884
0.22683230
0.62840414
0.02126850
0.48940189
0.10807668
0.33462997
0.03885641
0.24679772
0.00000100
0.59085641
0.54449789
0.03071484
0.83463384
0.31660218
0.78925930
0.51002389
0.08009411
0.41519050
0.46628452
0.42906201
0.64989777
0.18831569
0.98730756
0.13035280
0.98252297
0.15449704
0.04860789
0.02186724
0.25002299
0.18054316
0.49274258
0.54406272
0.48766639
0.20693764
0.17853946
0.88392656
0.73268352
0.90004999
0.96898964
0.27080209
0.99267220
0.23034946
0.23715364
0.18565226
0.15737291
0.56798132
0.92510829
0.73165957
0.29953179
0.10646196
0.38062676
0.27994082
0.21321156
0.49236131
0.62245957
0.36538628
0.18393240
0.50000303
0.32568424
0.08685336
0.23231572
0.12017738
0.59558408
0.15277643
0.04666690
0.11390896
0.85223254
0.22652507
0.08468258
0.11583113
0.02951572
0.97189868
0.87430444
0.46292688
0.99857357
0.03308569
0.40144825
0.44669436
0.13457634
0.48655469
0.32853374
0.83210037
0.06694169
0.90429755
0.14210747
0.20905640
0.13332266
0.04242481
0.70253840
0.01072783
0.16077602
0.07195456
0.29358988
0.21804366
0.55363670
0.64132757
0.49968392
0.22396627
0.63394566
0.30672728
0.24500528
0.37576918
0.09826095
0.19099182
0.40929867
0.55912643
0.05602160
0.02336672
0.14225674
0.32252156
0.05774945
0.62900858
0.64650738
0.58785892
0.14860151
0.67184105
0.62360158
0.37838217
0.75678953
0.94276265
0.11064725
0.78457308
0.13526385
0.28030046
0.62399517
0.00578552
0.18833847
0.38192590
0.16186223
0.22373045
0.05854093
0.13132317
0.98069586
0.71545230
0.58375333
0.49434776
0.59759783
0.44469172
0.00058421
0.98148313
0.00000150
0.53745646
0.47745448
0.46638115
0.44099045
0.33176081
0.10586096
0.73301580
0.04040973
0.76457219
0.65718622
0.25187570
0.00653693
0.49561918
0.66593344
0.46478929
0.10295259
0.43296224
0.87678135
0.38717127
0.62504466
0.01340835
0.31214278
0.19212369
0.09572446
0.39508790
0.54149941
0.46511812
0.69561338
0.43154470
0.48704902
0.03978393
0.18014287
0.41645511
0.28300346
0.81988572
0.55616782
0.00000100
0.81759633
0.10566982
0.27468821
0.08338642
0.02158600
0.32832538
0.39140611
0.03988647
0.64347162
0.52553567
0.19619184
0.54889269
0.25410384
0.27750533
0.48136244
0.36057179
0.27437909
0.56877749
0.05968075
0.68494023
0.25589013
0.00128055
0.59244080
0.18276743
0.75988921
0.41622669
0.92528779
0.08137550
0.70126176
0.03930413
0.26129385
0.08779870
0.02671187
0.14455564
0.52545966
0.97886726
0.66958662
0.25827654
0.34985498
0.29970591
0.28204167
0.20731316
0.15953882
0.13545430
0.93570759
0.04850244
0.02106085
0.25075401
0.79545563
0.75685869
0.49827011
0.05654352
0.58289258
0.08998660
0.07517775
0.35269470
0.55099272
0.26559779
0.09912528
0.85258636
0.57382220
0.03719426
0.46983841
0.18678992
0.80520138
0.16856861
0.69447540
0.11480089
0.26851201
0.08086937
0.05151260
0.27442809
0.50307370
0.41801246
0.55941389
0.48312562
0.22330688
0.05090396
