0.71517586
0.42434271
0.12454504
0.40542145
0.76706663
0.01077261
0.05738043
0.16206086
0.67402797
0.46475094
0.17086115
0.38291622
0.85672152
0.00404563
0.16272133
0.04153085
0.07264025
0.07642818
0.32896857
0.30897020
0.91186192
0.60831322
0.06143146
0.11216999
0.13826852
0.72505863
0.10099261
0.54791975
0.02326882
0.10615413
0.09645917
0.65231199
0.02021829
0.28066083
0.64468067
0.08266372
0.60069754
0.03883347
0.77191979
0.07426602
0.07459328
0.04474669
0.06402981
0.61530719
0.07882397
0.33743541
0.02595440
0.62988089
0.45568851
0.77641764
0.05819775
0.05536979
0.02549544
0.03545457
0.12876174
0.96309656
0.44051089
0.02023723
0.76596314
0.04113145
0.00225238
0.00962490
0.04621989
0.57165297
0.99955313
0.11255014
0.03980238
0.79217413
0.55401224
0.79915048
0.28089609
0.09634354
0.08611557
0.15890318
0.00000100
0.05118788
0.30597563
0.77677433
0.02341356
0.05685857
0.36246798
0.21899093
0.28327366
0.31628203
0.45534201
0.00000100
0.00606168
0.00000100
0.21285546
0.21897050
0.11068614
0.76688371
0.93770229
0.72973548
0.12771390
0.37042617
0.03089789
0.30482935
0.07427305
0.10944600
0.82793556
0.22537171
0.20260403
0.06975306
0.66977069
0.08847870
0.20057620
0.14517054
0.16647166
0.88345967
0.59970213
0.83852856
0.66860405
0.01825250
0.58884852
0.12493768
0.03316298
0.78191107
0.58100709
0.27071664
0.06097403
0.21822995
0.68893081
0.47762677
0.43874796
0.52435033
0.24713269
0.80389530
0.71295677
0.62955907
0.77168239
0.79915048
0.36246798
0.83495988
0.20260403
0.95016453
0.00560006
0.33821863
0.01653789
0.05175201
0.37754677
0.46042841
0.33142873
0.52924430
0.00824670
0.86003105
0.17784090
0.24551751
0.11173170
0.18024573
0.95299559
0.00360637
0.04010220
0.10196422
0.40507358
0.28953081
0.18646486
0.08442252
0.31670609
0.62979060
0.00109274
0.86687464
0.04343871
0.32411166
0.38741660
0.02263873
0.59485284
0.20871864
0.08963468
0.83686992
0.44815320
0.00308142
0.58153076
0.79155951
0.44969997
0.11475332
0.05722561
0.30247357
0.10973584
0.04514961
0.33149002
0.94590360
0.01449647
0.17955342
0.34891829
0.63909208
0.46121775
0.11004828
0.31057224
0.82538050
0.12602488
0.00090814
0.47159833
0.35586947
0.30127828
0.87845463
0.01859543
0.56796567
0.13805496
0.30969531
0.02221494
0.28137487
0.24192445
0.28719774
0.07251623
0.91569936
0.00000189
0.35699046
0.70877037
0.09846539
0.08024339
0.07167430
0.07445642
0.03232038
0.53781325
0.00000100
0.08378168
0.09955240
0.03072854
0.27896180
0.60558028
0.01426824
0.74540312
0.04085013
0.00012489
0.30596938
0.55897545
0.00621970
0.38799179
0.09359151
0.28144058
0.63046206
0.03737654
0.50013910
0.00749637
0.28063616
0.27371889
0.00454890
0.62790013
0.48071162
0.09128081
0.10345554
0.43124620
0.28683424
0.55003793
0.81235727
0.05107122
0.49506218
0.58345153
0.27793623
0.60571084
0.11266898
0.55656660
0.23981062
0.21752321
0.07746684
0.31870587
0.52682696
0.25624277
0.12662181
0.04155215
0.22532103
0.70490917
0.00919116
0.04279895
0.14383609
0.34106441
0.35848186
0.26418967
0.16175515
0.04182086
0.44992609
0.80628455
0.91460628
0.71290981
0.02259393
0.07715836
0.09333591
0.05852092
0.78443664
0.44015709
0.02625234
0.59982633
0.27279555
0.13132190
0.00000100
0.14929664
0.06429157
0.11255365
0.26683229
0.16649431
0.00732339
0.40764723
0.59106043
0.89594383
0.65923334
0.48994941
0.15884624
0.00000100
0.20137130
0.11267402
0.53703592
0.38492868
0.27749119
0.88364561
0.66023437
0.01283538
0.37953207
0.46477565
0.46601606
0.23880722
0.82610475
0.57444541
0.68769589
0.34053373
0.64930345
0.45820452
0.10949703
0.68615350
0.03023418
0.08338209
0.45807317
0.02347428
0.29646745
0.14236677
0.57217762
0.15765547
0.45581845
0.39580755
0.18048895
0.01950002
0.28290115
0.41105165
0.11405260
0.00565440
0.99058316
0.58571699
0.82594504
0.23487189
0.11640068
0.24630842
0.26363248
0.13815700
0.57370287
0.19197094
0.68346528
0.54162585
0.14995311
0.01348763
0.94603355
0.01261968
0.94222006
0.99239869
0.06128518
0.00967791
0.01342311
0.71639110
0.16082518
0.06989998
0.55372209
0.75530958
0.35068776
0.42505754
0.62975952
0.01185767
0.03390615
0.07388448
0.29771086
0.00188820
0.06384691
0.77031728
0.03912840
0.44024113
0.33111637
0.83378288
0.06912627
0.03027153
0.32746755
0.16638335
0.54597962
0.01088055
0.82102078
0.01756669
0.39890328
0.11402253
0.22159659
0.06669926
0.28955956
0.45154877
0.91869811
0.01411640
0.06139005
0.14836245
0.54669243
0.34406564
0.14477614
0.06303820
0.08188075
0.69940939
0.45790192
0.00000100
0.14706020
0.08475712
0.38073705
0.10450900
0.18109429
0.05772828
0.00035472
0.20907423
0.21479301
0.00000100
0.00000100
0.02933712
0.00032222
0.36742361
0.86122207
0.32749137
0.56822153
0.00460047
0.00000100
0.01143487
0.38657153
0.37886589
0.11990486
0.11069010
0.94761146
0.96993956
0.25936081
0.91740318
0.67710257
0.16639014
0.00059026
0.82896930
0.37985259
0.17763770
0.67083806
0.24946200
0.08388912
0.09075980
0.14999901
0.04418498
0.36981085
0.14625404
0.25021032
0.14405429
0.22551134
0.27071664
0.14002246
0.07180490
0.00901995
0.17041671
0.69070401
0.29624912
0.08575583
0.10114103
0.83833644
0.02137972
0.84167913
0.80736894
0.05304248
0.00050365
0.62431423
0.34790596
0.08426639
0.18928165
0.76006130
0.65927039
0.07191060
0.33360606
0.59551498
0.19588320
0.39532012
0.43494834
0.40116273
0.31800514
0.37452792
0.47845903
0.24570509
0.38657700
0.06526353
0.73752763
0.00163919
0.41826890
0.07655168
0.01576522
0.47984387
0.65947733
0.61616576
0.28545802
0.16923245
0.03025534
0.24510896
0.00034733
0.03485512
0.69298944
0.23589638
0.06904998
0.18132916
0.55745399
0.97523790
0.63314600
0.76326189
0.00249871
0.05123277
0.12774079
0.69330085
0.68325425
0.14583663
0.07509473
0.07701231
0.86329984
0.09660158
0.11578959
0.02183245
0.65371060
0.27837698
0.04229783
0.47020941
0.22227598
0.27270727
0.03611775
0.28691907
0.17918270
0.19146035
0.04003983
0.23516661
0.14135101
0.00763736
0.12739291
0.87473496
0.33378805
0.00031277
0.84257598
0.13204826
0.33657573
0.12517863
0.17024270
0.09434710
0.34582017
0.02254693
0.67618229
0.97586304
0.67274492
0.23282313
0.84004537
0.80315484
0.50241551
0.60519849
0.30448738
0.82481380
0.56390761
0.22286185
0.39057219
0.00000100
0.94887668
0.92711686
0.68833604
0.06097403
0.16504745
0.53702303
0.22249073
0.87043319
0.00919982
0.87594622
0.07405948
0.00185658
0.26652239
0.16913216
0.00000299
0.00000100
0.37145896
0.06913694
0.47633528
0.11572643
0.07584013
0.45328480
0.61043273
0.28416537
0.27779434
0.10433267
0.35715294
0.00970460
0.79266580
0.29936957
0.01936540
0.27783619
0.43376725
0.11209573
0.45237977
0.22643129
0.00991805
0.50025204
0.37381401
0.84484192
0.63270527
0.07604825
0.73462694
0.79519760
0.11525623
0.01009705
0.94408503
0.15067827
0.03889390
0.99624460
0.13097669
0.05978282
0.23124707
0.12851904
0.15106314
0.03968753
0.14509872
0.61674012
0.19869722
0.04824157
0.31448372
0.08370499
0.86431887
0.83076506
0.11024483
0.00411055
0.01718681
0.06551096
0.37657529
0.33394479
0.04833092
0.06968773
0.89639213
0.62548985
0.54167430
0.03832301
0.20111094
0.63104065
0.03168263
0.86624562
0.20413525
0.42462150
0.04618922
0.60071520
0.00714448
0.18837139
0.21237551
0.83704528
0.59625120
0.94233534
0.15403616
0.00291014
0.00161979
0.00000100
0.22768830
0.00117901
0.40534957
0.64373825
0.21903627
0.10115917
0.00800346
0.75709730
0.68467788
0.24590877
0.00000100
0.77434342
0.32812476
0.03905165
0.36302147
0.50364183
0.82266053
0.14317974
0.31014811
0.27289843
0.83733625
0.21798061
0.00804851
0.04223375
0.16548890
0.66382109
0.00000100
0.25348552
0.05741441
0.39837705
0.04196950
0.11805422
0.32887961
0.02032054
0.70376901
0.09302217
0.27427877
0.07444065
0.76160900
0.02758351
0.90294501
0.72875036
0.94890379
0.00477828
0.77849177
0.00000100
0.46534947
0.17744487
0.07099237
0.52447011
0.33715754
0.80616875
0.26105444
0.35411794
0.03397364
0.00749469
0.53757508
0.62774593
0.37785606
0.29947272
0.53201574
0.47679928
0.59535266
0.18071325
0.16381031
0.03714643
0.50000268
0.00000100
0.11437882
0.09114369
0.11690292
0.23826217
0.58586898
0.12608995
0.33867639
0.57942144
0.17091854
0.14671130
0.36756946
0.46023131
0.27249991
0.36794191
0.93581899
0.07559815
0.48832258
0.46226420
0.79833525
0.45181313
0.37919311
0.56442406
0.11346112
0.12810548
0.29283633
0.92684833
0.09401891
0.24399603
0.16700394
0.37346253
0.21522599
0.08655710
0.13448674
0.81141541
0.01962851
0.08394218
0.00000100
0.57887562
0.19468658
0.03574674
0.37148479
0.06203227
0.08340054
0.14476726
0.10488707
0.00640617
0.64360563
0.77045280
0.53397216
0.09204381
0.60139274
0.16093679
0.42769426
0.15373842
0.02743544
0.04031244
0.32545124
0.03490688
0.45193623
0.30636635
0.02923259
0.39250010
0.23300762
0.61855106
0.68814614
0.54522543
0.69380646
0.07669005
0.99756985
0.07323761
0.06698023
0.20709600
0.04919959
0.57543545
0.04026603
0.31584700
0.14258257
0.07279791
0.72529311
0.33501419
0.06117115
0.17368256
0.68825392
0.18929393
0.02964897
0.00000100
0.04716142
0.09585494
0.32655177
0.05009804
0.37248890
0.05710855
0.12009881
0.00110159
0.37185955
0.32672011
0.08489641
0.97065882
0.09186492
0.85830559
0.00066473
0.32549542
0.61848612
0.02006754
0.14579589
0.77756153
0.21173665
0.50010949
0.07261281
0.00000100
0.08132855
0.64511226
0.30623230
0.16727868
0.19409139
0.00333893
0.54051703
0.02613273
0.13855767
0.24972940
0.30991605
0.02375703
0.24495054
0.52433356
0.31162317
0.69303271
0.56993430
0.48153517
0.17644962
0.43963690
0.02396256
0.08492980
0.16891203
0.00000100
0.40056666
0.10205238
0.06805482
0.00000100
0.03451376
0.19920570
0.09408414
0.77727377
0.25318816
0.51461009
0.79900432
0.80315271
0.28595510
0.58841950
0.56181908
0.08124474
0.83462595
0.45292020
0.32993222
0.01223932
0.44395279
0.12649593
0.11926520
0.29712344
0.46992692
0.32522483
0.18501352
0.30797973
0.18498242
0.50747966
0.09212977
0.35191075
0.01723057
0.92294747
0.00000100
0.65632127
0.08436292
0.68249872
0.58663733
0.10351728
0.27084921
0.23082662
0.02381822
0.00000126
0.64531753
0.57800170
0.00412195
0.24172682
0.86497809
0.87941660
0.06948137
0.23876819
0.63464852
0.60984260
0.47114282
0.00516095
0.29076084
0.03885123
0.66179898
0.82986064
0.18319639
0.95012214
0.35217215
0.06536198
0.07121606
0.03505233
0.16176913
0.00000100
0.47223912
0.65853942
0.13579749
0.00000100
0.71898213
0.66903751
0.39920572
0.03685118
0.03489685
0.47871519
0.25251061
0.00305053
0.81681148
0.79574408
0.23439630
0.66781618
0.22326907
0.86445678
0.64747104
0.45249040
0.38567436
0.26814631
0.00890535
0.79293439
0.39742742
0.00179680
0.85093726
0.02233242
0.43239890
0.83726337
0.98824224
0.00448689
0.31554200
0.07601197
0.02318865
0.08655545
0.00866719
0.80644597
0.45503954
0.43994338
0.40089874
0.26519019
0.84906142
0.10473708
0.24062815
0.04337416
0.07911656
0.02524519
0.62679650
0.37347589
0.06689170
0.29750520
0.68794438
0.23823301
0.73482707
0.04765720
0.83174257
0.07599482
0.22806492
0.50716411
0.83068558
0.20240305
0.06364504
0.97116666
0.74501025
0.00000100
0.77426433
0.02902861
0.85220375
0.06064901
0.69407515
0.01326721
0.16234946
0.11781589
0.01753154
0.04102442
0.75526448
0.15020163
0.30351440
0.54461368
0.30555285
0.03245816
