0.99999556
0.99999900
0.99999599
0.99999900
0.99999900
0.99996363
0.99999900
0.99999900
0.99999900
0.99999900
0.68073651
0.99999900
0.99999900
0.99999900
0.99998880
0.97928019
0.99999900
0.99999900
0.99953761
0.99999812
0.99999900
0.99999900
0.59692441
0.99999900
0.99999900
0.99999900
0.99999900
0.99999900
0.99999900
0.99999900
0.99999900
0.98209673
0.99999900
0.99999900
0.99999900
0.99999900
0.99999900
0.99999900
0.99999900
0.99999900
0.99999900
0.49999999
0.99999900
0.99999900
0.99999900
0.99999900
0.99977168
0.99999900
0.99647824
0.99999900
0.99999620
0.99999900
0.99992913
0.99999900
0.99999900
0.99999900
0.49999991
0.60111640
0.99999900
0.99999900
0.99999900
0.99999900
0.99999900
0.99999900
0.99999900
0.99999900
0.99999900
0.99999900
0.99999900
0.99999900
0.99999900
0.99999387
0.99955835
0.99994481
0.50000001
0.99999900
0.99999900
0.99999900
0.99999900
0.99999900
0.99999900
0.79236386
0.80137871
0.99999900
0.99999623
0.49999999
0.99999900
0.56125324
0.99999559
0.99999558
0.99999551
0.99999900
0.99999900
0.99999900
0.50000015
0.99999900
0.99999900
0.99891562
0.99999900
0.99995664
0.79582269
0.99999224
0.99998516
0.99999900
0.99999900
0.99999900
0.99999900
0.99998458
0.99999900
0.99999900
0.77174298
0.99999900
0.99999900
0.99999900
0.99999900
0.99999900
0.99999900
0.99999900
0.99999900
0.99999900
0.99996836
0.99999900
0.99999900
0.68975917
0.99999900
0.99999900
0.99999900
0.99999900
0.99999900
0.99999900
0.99999865
0.99999900
0.99999900
0.73543962
0.99999900
0.99999900
0.99999900
0.99999900
0.99999664
0.99999900
0.99999900
0.99449674
0.99999900
0.99999900
0.99096578
0.99999900
0.99999799
0.99999900
0.99999900
0.99999515
0.99999900
0.99999900
0.99999900
0.99999900
0.99999900
0.99999659
0.99998806
0.99999900
0.49082589
0.95356334
0.99999900
0.99999900
0.99999900
0.99999900
0.99999900
0.99999900
0.99999900
0.99999900
0.99999900
0.99999900
0.99999900
0.99999900
0.99999900
0.99999900
0.99999900
0.99999900
0.99999900
0.99999900
0.99999900
0.99999900
0.99999900
0.99999900
0.99999900
0.99999900
0.99999900
0.99999900
0.99999900
0.99999900
0.99998252
0.99999900
0.99999900
0.99999900
0.99999900
0.99999900
0.99999900
0.99999900
0.99999900
0.15415886
0.99999900
0.99999900
0.99999900
0.99999900
0.99999900
0.99999900
0.99999900
0.99999900
0.99999900
0.99999900
0.64370379
0.99999900
0.99999900
0.99878143
0.99999900
0.99999900
0.99999900
0.64533805
0.99999900
0.99999900
0.99999900
0.99999900
0.99999900
0.99999900
0.99999900
0.99999900
0.99999900
0.85632064
0.99999900
0.99999900
0.99999398
0.99999900
0.99999900
0.99999900
0.99950065
0.99999900
0.01590515
0.99999890
0.99999900
0.99999738
0.99999420
0.99999900
0.99990372
0.99999900
0.99999900
0.99991431
0.99999900
0.99999900
0.99999900
0.99999358
0.99999900
0.99999900
0.99999900
0.99999900
0.99999900
0.99999900
0.99999900
0.99999900
0.99999900
0.99999900
0.99999278
0.99999772
0.99999900
0.99999900
0.33485168
0.99974932
0.99999900
0.99999900
0.99999900
0.99999900
0.99999900
0.99999900
0.99999900
0.99999810
0.99999900
0.99999900
0.99999900
0.99999900
0.99999900
0.99999900
0.99983814
0.99999900
0.50000000
0.71807339
0.99999900
0.99999900
0.99998399
0.50000000
0.73216120
0.99996308
0.99999900
0.99999900
0.99999900
0.99999764
0.99999900
0.99999900
0.99999900
0.99999900
0.99999900
0.99999900
0.49999972
0.99999900
0.99999900
0.99999900
0.99999900
0.83841044
0.99999900
0.99999900
0.99999900
0.99999900
0.99999900
0.99999900
0.99994857
0.99999900
0.99999701
0.99999900
0.99999900
0.99999900
0.99999900
0.99999900
0.99999900
0.07073156
0.99999058
0.99999900
0.99999900
0.99999413
0.99999900
0.99999900
0.99999900
0.99999900
0.76842370
0.99999900
0.99999870
0.99999900
0.99999900
0.99999900
0.99999900
0.99999900
0.99999900
0.94415334
0.99999736
0.86768350
0.99968521
0.99996248
0.99999900
0.99999900
0.99720832
0.99999900
0.99999900
0.99999898
0.99999900
0.99999900
0.99999900
0.99999900
0.99999900
0.99990198
0.99996534
0.99999900
0.99999900
0.99999900
0.99999900
0.99999900
0.99999900
0.99999900
0.99999900
0.99999900
0.99999396
0.99999900
0.99999900
0.99999900
0.99999900
0.99999247
0.99999900
0.99999900
0.99999900
0.99999900
0.99999900
0.99999900
0.99999900
0.99999620
0.99999900
0.99999900
0.99999900
0.99999900
0.50000001
0.99999900
0.99999900
0.99999900
0.99999900
0.99999900
0.99999900
0.99999900
0.99999847
0.99999900
0.99999900
0.99999900
0.99999900
0.96551656
0.99999900
0.99999900
0.99999900
0.50000000
0.50000000
0.99998210
0.99908329
0.99999900
0.99999900
0.99999900
0.99044058
0.99999900
0.99986095
0.99998358
0.50000004
0.49999999
0.99999900
0.99999900
0.95059156
0.99999900
0.98638606
0.99999900
0.99999900
0.99999900
0.49999999
0.99999900
0.99999900
0.99999900
0.99999900
0.99999900
0.99999900
0.99999900
0.99999900
0.99999900
0.99999900
0.99706940
0.99999900
0.99999900
0.99998854
0.40954345
0.99999900
0.99999900
0.99999900
0.99999769
0.50000009
0.90272862
0.99999900
0.99999900
0.99999900
0.99999900
0.99999900
0.94584101
0.99999900
0.99999900
0.99997971
0.99999900
0.99999900
0.99999900
0.99999900
0.99999900
0.99999900
0.99999900
0.59976130
0.99311891
0.99862211
0.99999900
0.99999900
0.99999900
0.99999900
0.99999900
0.99999900
0.99999900
0.67469963
0.75311116
0.99999900
0.99999900
0.99999900
0.99999900
0.98060873
0.99999900
0.80862210
0.99999900
0.99999900
0.99999900
0.99999900
0.99982407
0.99999900
0.99999900
0.99999900
0.99999900
0.99999900
0.99999900
0.99997536
0.99999900
0.99998270
0.99999900
0.99999900
0.99999893
0.95351485
0.16237346
0.99999900
0.99999900
0.99999900
0.99999900
0.99999576
0.86574754
0.99997930
0.99998461
0.99992339
0.99999900
0.99999900
0.62169616
0.98772347
0.96956242
0.99999900
0.99999900
0.99999900
0.99999900
0.99999900
0.99999900
0.99999900
0.99999900
0.99999708
0.99999900
0.99999900
0.99999900
0.99999900
0.99999900
0.99999900
0.99999900
0.99999900
0.99999900
0.99999900
0.99999900
0.99999900
0.99999900
0.99999900
0.99999900
0.33985540
0.99999900
0.65361620
0.99999900
0.99999900
0.99999800
0.99999900
0.89838086
0.99999900
0.99999900
0.99999900
0.73864395
0.99999900
0.99999900
0.99999900
0.91043806
0.99999900
0.93169681
0.99999900
0.99999900
0.99999430
0.99999900
0.99999900
0.99996836
0.99999900
0.90491162
0.99999900
0.99999900
0.99999006
0.99999900
0.99999900
0.99881762
0.99924663
0.99999900
0.99999900
0.99999900
0.99999900
0.99958346
0.99999900
0.99999900
0.99999900
0.99999900
0.99999900
0.99999900
0.99999900
0.99999900
0.99999900
0.37061802
0.99999900
0.99999900
0.99999900
0.99999900
0.99999900
0.99999900
0.99999900
0.99999900
0.99999900
0.99999900
0.99999676
0.99999900
0.84168990
0.99794854
0.99999900
0.99999900
0.99999780
0.99999900
0.99999900
0.99999900
0.99999900
0.99999900
0.95279584
0.99999900
0.99999900
0.99999900
0.99999900
0.99999900
0.99999900
0.99999900
0.99999900
0.99999900
0.99999900
0.99999900
0.99999900
0.99999900
0.99999900
0.99989966
0.99999900
0.99999900
0.99999900
0.99999900
0.99999900
0.99791583
0.99999900
0.99999900
0.99999900
0.99941768
0.99999900
0.99999900
0.99999900
0.99999900
0.99999798
0.99999900
0.99999900
0.99999900
0.99999900
0.99999900
0.99999900
0.99999900
0.99999900
0.99999900
0.99999900
0.99999900
0.99999900
0.99999900
0.99999900
0.24451273
0.99999900
0.95261456
0.99999900
0.99995819
0.99999900
0.99999900
0.99999900
0.99974145
0.99999900
0.99999900
0.99998516
0.99996957
0.99999900
0.99999900
0.99999900
0.79660262
0.99999751
0.99999900
0.99999900
0.99999900
0.70851348
0.99999900
0.99999900
0.99999860
0.50000005
0.99999900
0.82877649
0.98816232
0.99996313
0.99999900
0.99999900
0.99999900
0.99999900
0.99999900
0.99999900
0.99880430
0.99999900
0.99942557
0.99999900
0.99999900
0.99999900
0.99999850
0.99999900
0.99206040
0.99999900
0.99999900
0.99999900
0.99999900
0.98440238
0.99999900
0.99999900
0.99999900
0.99999900
0.99999900
0.99999900
0.99999900
0.99999900
0.99999900
0.99999900
0.99999900
0.99999900
0.99999900
0.99999900
0.99999900
0.49999992
0.99999900
0.99999900
0.99999856
0.99997006
0.99999900
0.99999900
0.99999900
0.99999900
0.99999900
0.99999900
0.99999900
0.99999900
0.99922299
0.99999900
0.90465147
0.99999900
0.99999900
0.99999900
0.99999900
0.45182306
0.99999900
0.99999900
0.99077545
0.99999900
0.49999999
0.99999416
0.99999900
0.99993863
0.99999900
0.99999900
0.99999863
0.99999900
0.92305853
0.99999900
0.99999900
0.99999897
0.99999900
0.49999999
0.99999900
0.99999900
0.99999713
0.99999900
0.99999900
0.99999900
0.99999900
0.99999900
0.99999900
0.99999900
0.99999900
0.99999900
0.99999900
0.99999900
0.99991569
0.99999900
0.99999900
0.99999900
0.99999900
0.99999900
0.99999900
0.99999900
0.99999900
0.99999900
0.99999727
0.99999900
0.99999900
0.59709230
0.83747267
0.99999900
0.99999900
0.99999900
0.99999900
0.99999900
0.99993145
0.99999641
0.99999900
0.99999900
0.99999900
0.99999900
0.99999900
0.99999876
0.99999900
0.96471642
0.99999900
0.99999900
0.92386878
0.99994359
0.50000030
0.50000000
0.99999900
0.99999345
0.99999900
0.99999900
0.99999900
0.99999709
0.99999900
0.99999900
0.99999442
0.99999900
0.99999900
0.99999900
0.99999900
0.50000001
0.99999900
0.99999900
0.99999900
0.99999900
0.99999900
0.99999900
0.99999900
0.99999900
0.50000000
0.99999900
0.99760400
0.99999232
0.99999728
0.99999900
0.99999900
0.99999900
0.99999900
0.99999671
0.99996215
0.99999822
0.99999900
0.99999900
0.99999900
0.99999900
0.99994234
0.99999900
0.99999900
0.99999787
0.99999900
0.99999888
0.99999900
0.99999900
0.55777103
0.99999308
0.99999616
0.99999900
0.70879170
0.99909535
0.99999900
0.99999900
0.99999900
0.99999900
0.99999900
0.99999900
0.99999900
0.99999900
0.99999900
0.99999900
0.99999900
0.99999900
0.99999900
0.99999900
0.99999900
0.99999900
0.99999900
0.99999900
0.99998496
0.99999900
0.99999900
0.32541019
0.99999900
0.77740006
0.90780075
0.99999900
0.99999900
0.99999900
0.99999900
0.50000000
0.99999900
0.99999900
0.99999900
0.48725875
0.99999900
0.68975917
0.99999900
0.99975656
0.99999900
0.99999900
0.99999900
0.99999900
0.99999900
0.99999900
0.99999900
0.99999900
0.99999900
0.94254596
0.99999900
0.99999900
0.99998536
0.99999900
0.99999900
0.99999900
0.99999900
0.99999900
0.99999900
0.99999900
0.99999900
0.99999900
0.99998013
0.99999900
0.95733960
0.99999900
0.99999900
0.99999900
0.50000019
0.62219614
0.99999900
0.99990103
0.99999900
0.99999900
0.99999900
0.99999900
0.99999900
0.99999900
0.99999900
0.99999900
0.99999900
0.99993380
0.99999900
0.99999900
0.99999900
0.99999900
0.99999900
0.99999900
0.99999900
0.99999900
0.99999900
0.99999900
0.99999900
0.99999900
0.99999900
0.99999900
0.99999900
0.99999900
0.99999900
0.50000000
0.99999900
0.99999644
0.35858413
0.99999889
0.99999900
0.62029154
0.99999900
0.99999900
0.99999900
0.99999900
0.99999900
0.99999900
0.99999900
0.99999900
0.99999900
0.99999900
0.99999900
0.99999900
0.99999900
0.99999900
0.99999900
0.99999900
0.91129888
0.99997606
0.99999815
0.99999900
0.99999900
0.99999900
0.99999900
0.99999900
0.99999900
0.99999900
0.99999900
0.80566327
0.99999900
0.99999900
0.99999900
0.99999900
0.99999900
0.99998610
0.99999900
0.99999900
0.95988369
0.99999900
0.99999900
0.99999900
0.99999900
