0.44311377
0.69261477
0.40718563
0.86427146
0.72055888
0.12175649
0.25149701
0.22954092
0.81237525
0.91217565
0.50299401
0.40718563
0.86826347
0.12974052
0.26746507
0.15568862
0.21956088
0.62475050
0.92614770
0.40718563
0.70858283
0.71457086
0.22754491
0.44311377
0.24151697
0.90818363
0.23952096
0.50099800
0.43712575
0.10778443
0.19760479
0.68063872
0.06387226
0.67664671
0.72455090
0.46107784
0.81836327
0.15369261
0.73053892
0.15568862
0.51896208
0.64471058
0.20159681
0.58283433
0.17764471
0.32135729
0.16367265
0.71057884
0.88423154
0.66866267
0.53093812
0.53493014
0.11377246
0.66067864
0.32934132
0.89021956
0.00598802
0.68463074
0.65469062
0.47305389
0.66467066
0.29141717
0.48103792
0.84830339
0.79041916
0.34730539
0.20359281
0.70259481
0.37125749
0.56886228
0.87225549
0.27345309
0.22355289
0.16966068
0.69461078
0.18363273
0.51097804
0.65269461
0.07385230
0.41117764
0.72854291
0.73453094
0.92415170
0.30738523
0.34730539
0.93812375
0.69061876
0.83832335
0.28942116
0.19161677
0.13772455
0.82235529
0.37125749
0.58083832
0.54491018
0.38722555
0.14371257
0.78043912
0.28542914
0.23552894
0.86427146
0.27544910
0.19960080
0.21357285
0.57684631
0.52295409
0.24151697
0.24950100
0.59880240
0.79441118
0.80439122
0.58682635
0.53293413
0.11377246
0.45508982
0.36926148
0.15968064
0.98802395
0.53692615
0.68463074
0.07984032
0.33532934
0.84431138
0.58483034
0.42315369
0.88423154
0.27544910
0.92415170
0.77445110
0.72854291
0.65469062
0.62075848
0.71257485
0.82035928
0.20159681
0.86027944
0.06387226
0.91017964
0.07984032
0.91816367
0.45508982
0.88822355
0.51896208
0.95808383
0.06586826
0.22355289
0.34131737
0.48502994
0.13572854
0.35928144
0.95209581
0.57085828
0.11976048
0.54890220
0.50698603
0.24550898
0.21756487
0.30339321
0.47904192
0.84830339
0.64271457
0.58483034
0.50299401
0.42315369
0.82035928
0.10379242
0.96007984
0.23153693
0.30538922
0.78842315
0.72055888
0.87225549
0.50898204
0.52495010
0.86227545
0.71656687
0.13373253
0.48103792
0.67864271
0.12974052
0.32335329
0.77245509
0.78842315
0.38522954
0.60279441
0.69860279
0.72255489
0.24351297
0.18163673
0.77445110
0.28343313
0.14970060
0.83832335
0.65469062
0.36127745
0.13572854
0.32335329
0.98203593
0.65668663
0.38323353
0.08183633
0.22355289
0.32534930
0.90419162
0.16167665
0.92015968
0.34331337
0.45309381
0.75249501
0.59481038
0.07385230
0.12175649
0.12574850
0.12974052
0.39520958
0.73852295
0.75449102
0.06387226
0.08982036
0.61876248
0.47305389
0.07784431
0.91616766
0.19161677
0.99600798
0.64870259
0.39720559
0.43313373
0.31536926
0.17764471
0.46706587
0.57485030
0.10978044
0.68862275
0.07584830
0.44710579
0.23353293
0.15169661
0.46107784
0.68463074
0.15768463
0.24151697
0.56686627
0.15369261
0.30738523
0.91816367
0.16966068
0.38722555
0.85429142
0.20758483
0.68263473
0.17964072
0.48502994
0.98802395
0.31337325
0.23552894
0.89620758
0.43912176
0.22155689
0.22954092
0.16367265
0.29141717
0.46906188
0.24151697
0.13173653
0.08383234
0.36526946
0.57884232
0.26147705
0.17165669
0.30738523
0.24750499
0.52495010
0.94011976
0.50698603
0.30938124
0.15169661
0.15568862
0.15768463
0.57684631
0.18363273
0.46506986
0.81836327
0.54690619
0.13972056
0.04590818
0.32135729
0.18363273
0.16766467
0.13772455
0.40718563
0.13173653
0.41317365
0.81037924
0.84231537
0.54091816
0.60279441
0.58882236
0.03992016
0.18762475
0.29141717
0.39920160
0.80838323
0.88423154
0.79840319
0.67465070
0.49900200
0.85429142
0.64471058
0.96806387
0.13772455
0.75049900
0.47704591
0.61876248
0.03792415
0.70059880
0.51497006
0.45109780
0.46706587
0.13772455
0.18762475
0.55489022
0.53892216
0.30938124
0.30738523
0.77245509
0.97804391
0.45309381
0.93812375
0.56686627
0.07984032
0.37125749
0.39720559
0.21756487
0.09181637
0.48502994
0.55089820
0.96407186
0.43113772
0.68662675
0.21157685
0.19161677
0.23552894
0.71057884
0.30538922
0.58483034
0.73053892
0.34331337
0.39520958
0.73253493
0.11776447
0.67265469
0.83433134
0.16367265
0.07984032
0.54291417
0.13373253
0.27145709
0.48702595
0.54491018
0.91217565
0.58682635
0.88423154
0.49101796
0.49500998
0.10578842
0.55888224
0.99001996
0.06786427
0.20359281
0.58083832
0.60079840
0.78443114
0.82035928
0.62674651
0.13373253
0.69261477
0.49101796
0.70658683
0.91217565
0.56287425
0.75648703
0.41716567
0.38323353
0.15369261
0.57684631
0.66666667
0.39321357
0.45309381
0.91417166
0.07984032
0.21556886
0.69660679
0.68063872
0.96606786
0.64271457
0.44510978
0.34930140
0.35928144
0.02594810
0.67265469
0.29740519
0.09780439
0.22155689
0.50698603
0.23752495
0.78642715
0.05588822
0.18163673
0.25149701
0.71856287
0.04191617
0.68263473
0.71257485
0.95009980
0.51497006
0.95409182
0.85828343
0.07385230
0.98802395
0.20159681
0.30738523
0.65868263
0.19960080
0.59481038
0.83632735
0.64870259
0.66267465
0.46706587
0.79840319
0.22155689
0.08582834
0.46107784
0.69461078
0.27744511
0.84630739
0.30339321
0.34530938
0.36926148
0.40718563
0.01996008
0.42714571
0.31936128
0.73453094
0.59481038
0.73253493
0.55089820
0.27544910
0.22155689
0.76646707
0.23552894
0.47504990
0.45708583
0.29141717
0.19960080
0.59680639
0.11976048
0.80239521
0.87824351
0.05389222
0.05788423
0.88822355
0.52495010
0.99999900
0.77445110
0.66866267
0.56287425
0.73652695
0.82834331
0.59880240
0.41916168
0.47704591
0.46706587
0.99001996
0.88423154
0.61477046
0.51497006
0.66666667
0.56287425
0.19161677
0.97005988
0.06387226
0.37524950
0.66666667
0.12175649
0.52295409
0.49900200
0.80239521
0.25748503
0.40918164
0.18762475
0.48702595
0.04990020
0.07385230
0.43113772
0.36327345
0.19560878
0.29940120
0.49900200
0.65668663
0.34730539
0.85429142
0.04790419
0.35129741
0.14570858
0.65868263
0.52495010
0.30339321
0.67465070
0.41317365
0.43912176
0.45309381
0.98802395
0.49700599
0.63273453
0.27544910
0.10578842
0.83433134
0.24550898
0.81437126
0.14970060
0.72455090
0.88023952
0.89620758
0.69061876
0.63473054
0.53692615
0.08582834
0.21756487
0.67664671
0.45109780
0.63073852
0.90019960
0.40119760
0.70658683
0.23752495
0.26746507
0.15568862
0.44910180
0.05588822
0.74850299
0.86826347
0.74650699
0.37325349
0.64670659
0.36327345
0.94411178
0.49500998
0.18363273
0.96407186
0.89421158
0.76646707
0.69660679
0.95209581
0.53493014
0.78842315
0.87624750
0.06586826
0.94211577
0.90219561
0.46506986
0.60678643
0.08782435
0.80638723
0.09980040
0.06187625
0.08582834
0.43712575
0.96207585
0.99001996
0.40718563
0.14171657
0.69461078
0.28542914
0.32934132
0.41117764
0.90618762
0.94610778
0.41516966
0.56886228
0.70459082
0.11776447
0.90419162
0.76447106
0.10778443
0.25948104
0.88622754
0.16367265
0.49301397
0.51097804
0.12175649
0.30538922
0.36726547
0.62475050
0.64670659
0.04990020
0.56287425
0.75049900
0.43313373
0.10379242
0.90618762
0.83632735
0.21357285
0.84830339
0.28143713
0.15568862
0.53493014
0.64670659
0.21756487
0.42315369
0.42714571
0.93812375
0.25149701
0.75848303
0.39720559
0.25149701
0.60279441
0.78043912
0.15968064
0.03992016
0.11776447
0.20958084
0.50099800
0.24950100
0.24151697
0.07185629
0.57285429
0.82634731
0.86826347
0.08383234
0.41716567
0.61676647
0.11976048
0.79041916
0.26347305
0.35329341
0.18163673
0.73652695
0.05988024
0.75648703
0.85628743
0.60079840
0.73652695
0.92015968
0.59081836
0.07185629
0.08383234
0.04990020
0.44910180
0.06586826
0.43313373
0.86626747
0.42714571
0.22554890
0.09580838
0.52495010
0.93013972
0.06786427
0.76247505
0.84231537
0.28542914
0.11377246
0.60479042
0.86227545
0.77844311
0.89021956
0.32534930
0.96407186
0.31936128
0.73652695
0.09980040
0.19560878
0.33732535
0.48103792
0.01996008
0.68063872
0.72854291
0.90419162
0.19760479
0.56487026
0.44510978
0.12574850
0.86427146
0.60279441
0.32135729
0.08982036
0.54291417
0.10179641
0.87425150
0.72854291
0.93612774
0.33133733
0.89021956
0.04191617
0.33932136
0.24151697
0.63872255
0.81237525
0.91417166
0.71057884
0.34930140
0.80638723
0.08982036
0.08183633
0.85429142
0.59481038
0.40918164
0.72055888
0.36327345
0.52694611
0.58882236
0.26746507
0.19960080
0.14570858
0.59281437
0.53493014
0.66866267
0.44510978
0.18163673
0.29341317
0.79640719
0.23153693
0.55289421
0.65269461
0.64071856
0.44311377
0.47305389
0.84031936
0.27544910
0.71257485
0.58283433
0.38722555
0.93812375
0.33732535
0.86427146
0.28143713
0.23353293
0.34930140
0.45109780
0.63473054
0.34131737
0.68263473
0.25548902
0.35528942
0.27544910
0.57884232
0.47704591
0.18363273
0.20159681
0.69261477
0.08782435
0.58083832
0.01197605
0.67065868
0.17165669
0.08582834
0.90818363
0.23952096
0.61077844
0.66866267
0.75848303
0.36526946
0.78443114
0.31736527
0.94211577
0.27744511
0.84431138
0.20558882
0.84630739
0.15768463
0.12774451
0.10379242
0.32934132
0.17365269
0.72854291
0.61077844
0.54690619
0.32135729
0.37325349
0.86427146
0.73053892
0.92415170
0.91217565
0.24351297
0.81437126
0.55089820
0.22355289
0.10379242
0.26746507
0.47904192
0.90019960
0.80039920
0.30139721
0.15169661
0.45708583
0.39920160
0.28143713
0.40718563
0.76047904
0.41716567
0.33932136
0.01796407
0.74850299
0.19760479
0.36327345
0.10578842
0.43313373
0.21157685
0.29141717
0.31137725
0.53093812
0.29341317
0.18363273
0.15169661
0.26546906
0.83033932
0.43113772
0.64471058
0.88223553
0.09980040
0.74650699
0.59880240
0.17365269
0.74650699
0.28942116
0.84830339
0.21956088
0.84630739
0.26546906
0.35129741
0.27544910
0.10379242
0.61077844
0.06387226
0.28143713
0.23552894
0.39121756
0.71257485
0.85828343
0.51097804
0.32335329
0.35329341
0.77644711
0.78443114
0.28143713
0.41317365
0.25548902
0.64471058
0.45708583
0.86826347
0.29740519
0.29540918
0.14171657
0.43313373
0.07784431
0.54491018
0.12974052
0.70059880
0.25349301
0.62075848
0.76646707
0.60479042
0.71856287
0.88023952
0.64271457
0.83233533
0.96806387
0.17365269
0.80439122
0.56287425
0.36127745
0.42914172
0.56886228
0.27544910
0.49301397
0.27944112
0.86826347
0.66467066
0.83632735
0.56487026
0.44710579
0.58283433
0.15568862
0.89820359
0.03193613
0.48702595
0.57684631
0.38722555
0.63273453
0.54890220
0.59281437
0.31936128
0.11576846
0.99201597
0.67465070
0.48702595
0.11976048
0.31337325
0.51297405
0.61876248
0.10379242
0.35928144
0.86626747
0.51297405
0.59281437
0.09381238
0.65069860
0.10778443
0.45708583
0.59081836
0.76247505
0.71057884
0.27345309
0.21556886
0.21357285
0.09780439
0.24750499
0.84231537
0.41716567
0.79241517
0.29540918
0.94011976
0.73453094
0.77844311
0.19560878
0.23552894
0.17764471
0.49301397
0.70858283
0.37924152
0.74650699
0.59081836
0.29940120
0.63273453
0.23752495
0.76646707
0.65668663
0.42315369
0.30538922
0.63073852
0.12175649
0.66666667
0.52095808
0.05189621
0.71057884
0.21357285
0.71856287
0.68063872
0.94211577
0.09780439
0.44710579
0.26546906
0.04590818
0.09980040
0.04391218
0.85429142
0.46307385
0.90219561
0.75848303
0.16766467
0.58682635
0.38123752
0.35329341
0.56087824
0.34730539
0.59081836
0.86227545
0.51497006
0.16367265
0.36726547
0.81437126
0.76447106
0.81836327
0.24750499
0.57285429
0.20359281
0.22554890
0.37924152
0.64670659
0.27145709
0.13173653
0.93013972
0.68063872
0.98602794
0.98602794
0.10578842
0.99001996
0.14970060
0.74850299
0.20359281
0.95608782
0.34331337
0.26147705
0.08582834
0.85229541
0.44311377
0.31736527
0.53892216
0.50299401
0.09780439
