0.09807852
0.12816345
0.36652732
0.01247678
0.06479301
0.25749951
0.27483679
0.00858066
0.10500133
0.18507494
0.82237293
0.17351766
0.14857511
0.00174469
0.00345693
0.01689844
0.03306347
0.46674081
0.57888325
0.06275675
0.17021310
0.08241107
0.13333296
0.22014496
0.02301691
0.19194007
0.03555563
0.08609546
0.00162505
0.00352702
0.02334591
0.16380255
0.77057201
0.79159393
0.07107243
0.27964938
0.20645867
0.00158232
0.14683840
0.01114505
0.08733230
0.40448644
0.00133491
0.17443333
0.00449862
0.01990295
0.03639382
0.13053453
0.24458870
0.07693685
0.35807852
0.22111334
0.00388512
0.16730017
0.00262240
0.31646705
0.05765414
0.42356074
0.14296260
0.10626833
0.17832063
0.00606699
0.46164613
0.77447113
0.34503078
0.03106055
0.86986094
0.29804517
0.06153610
0.17661546
0.30212660
0.02795367
0.49615113
0.00203286
0.22175623
0.02089926
0.03762631
0.34592887
0.00112343
0.22392347
0.25980185
0.60474444
0.80487601
0.01967907
0.12085952
0.00083845
0.01661647
0.19356533
0.00363364
0.13832290
0.00686568
0.16285967
0.07190079
0.04479887
0.13447213
0.09191961
0.00275691
0.86734701
0.06915307
0.00518246
0.28171143
0.02345843
0.00133389
0.04927653
0.38188333
0.00431493
0.00359688
0.01331723
0.08588805
0.52607225
0.56420296
0.23875384
0.37703458
0.00094102
0.04752400
0.46155089
0.00304878
0.40178287
0.10935638
0.24362226
0.00588498
0.22963583
0.47795593
0.23699445
0.02360060
0.01247678
0.00345693
0.35518882
0.20645867
0.30675045
0.14296260
0.17661546
0.09316062
0.23736576
0.00779999
0.49329786
0.00203575
0.08682465
0.00114084
0.94928771
0.05782672
0.58353524
0.12665450
0.33755965
0.00004925
0.50054578
0.04461755
0.09600162
0.00927641
0.02669770
0.94647541
0.05640069
0.00457510
0.11369742
0.26103156
0.01033701
0.01382433
0.02285668
0.50800358
0.32717761
0.30241007
0.00059412
0.44049229
0.10984879
0.98362005
0.03825919
0.33071981
0.01089900
0.05958446
0.34745225
0.35720056
0.74602236
0.10357467
0.03501448
0.24785493
0.79969863
0.00544618
0.06300651
0.11852953
0.01964624
0.02990187
0.26899608
0.64082589
0.01482232
0.25227894
0.39773975
0.15133957
0.03173361
0.00835872
0.10779653
0.03516614
0.13545564
0.18821795
0.07406856
0.06505511
0.00681677
0.32815941
0.98547056
0.97702426
0.40321321
0.00027458
0.03123608
0.08545633
0.15303037
0.02155680
0.37693240
0.04758023
0.21806154
0.01563724
0.06545768
0.00184930
0.01221247
0.14738801
0.01017190
0.13937705
0.09163825
0.62712192
0.00068365
0.00180965
0.33151514
0.08096389
0.02936903
0.35445199
0.23399584
0.72727050
0.14817861
0.02621606
0.19450824
0.03705365
0.00096958
0.14053402
0.19294205
0.00226623
0.25183812
0.00079052
0.20054901
0.03276851
0.06666146
0.03969585
0.16264203
0.01500213
0.04918980
0.10705347
0.00192923
0.21880137
0.82666226
0.03384790
0.02117707
0.96053471
0.26242909
0.15774075
0.02065057
0.08402512
0.00136019
0.14817150
0.01203716
0.16681129
0.09466138
0.01197786
0.00775792
0.15303342
0.04875095
0.01350074
0.01859163
0.00692873
0.00301250
0.01459092
0.70653289
0.28917302
0.00490647
0.50000779
0.18421269
0.01326003
0.32516338
0.08841239
0.82942532
0.00469265
0.00631730
0.00010086
0.17631109
0.04904811
0.10504423
0.47622740
0.19144876
0.00415857
0.50095411
0.00587746
0.02473260
0.00324159
0.00841893
0.05333387
0.00913436
0.78641135
0.71957184
0.13346516
0.05569699
0.18045750
0.28076134
0.53340188
0.02319449
0.00459573
0.01313005
0.59104367
0.44951572
0.38495495
0.01827047
0.21279690
0.52340280
0.34831984
0.44820477
0.10252611
0.20380276
0.28653125
0.00735235
0.00027914
0.24657483
0.03744903
0.08288698
0.41151762
0.03832676
0.01201519
0.93602120
0.10300132
0.00513349
0.00164765
0.14138507
0.35318022
0.07017217
0.62717194
0.80933986
0.00095487
0.04929945
0.07377456
0.05417806
0.01688950
0.21925489
0.14096759
0.54095718
0.01272355
0.92447570
0.01394343
0.00543302
0.00428629
0.08858463
0.03756364
0.00871402
0.93234269
0.02889872
0.27602955
0.07428928
0.02485514
0.18034169
0.16587319
0.00020424
0.07092910
0.46397012
0.17315258
0.09116573
0.00323941
0.08237093
0.33216457
0.75270971
0.80676968
0.50705955
0.00061391
0.00157291
0.21891414
0.01010473
0.04817181
0.00164917
0.16738504
0.40421057
0.23323675
0.45537229
0.20782256
0.00426788
0.19260165
0.26001373
0.00200703
0.09215647
0.23519742
0.03954903
0.12470106
0.08342226
0.00203979
0.03999669
0.64465277
0.02417520
0.06787112
0.51904724
0.00009250
0.87258553
0.09425087
0.29963978
0.26549103
0.24596701
0.03465299
0.00569922
0.79304855
0.81269265
0.32765089
0.01885005
0.00371915
0.01482458
0.29637221
0.10047135
0.36720619
0.00000235
0.01103663
0.01476166
0.44360756
0.01909589
0.06632726
0.00600362
0.73006120
0.10200156
0.07256935
0.84063245
0.28977283
0.04265804
0.07220370
0.02458555
0.26358143
0.00038218
0.18164222
0.08416255
0.06458103
0.69573981
0.40637580
0.48847807
0.02304195
0.00640604
0.12864252
0.23569819
0.01453615
0.70627154
0.05068922
0.00002327
0.60680547
0.58185418
0.43630134
0.03530902
0.02314777
0.01316457
0.02857115
0.41010243
0.64399113
0.14704275
0.06117328
0.01177452
0.00188956
0.32904106
0.07810237
0.71664155
0.63425254
0.05664713
0.00359659
0.43985925
0.98962147
0.01069095
0.00000100
0.13238829
0.02273592
0.40421822
0.99726238
0.07673798
0.05126585
0.36898857
0.37799201
0.13838002
0.81351256
0.07674497
0.10605010
0.19518764
0.37680814
0.74571124
0.14743494
0.90064605
0.00482857
0.01187444
0.01109253
0.04347069
0.06055913
0.16149942
0.24256927
0.08781790
0.08393698
0.20869236
0.00435970
0.29940197
0.01263293
0.04906077
0.03729313
0.01243325
0.21644630
0.04214426
0.36059604
0.01142193
0.54107997
0.42118251
0.15395577
0.43864682
0.00167497
0.05507341
0.00606456
0.35682301
0.14712891
0.00488474
0.40365563
0.27061859
0.38887567
0.00915474
0.01119869
0.05791503
0.68672072
0.01503305
0.00321034
0.24212755
0.02439900
0.38769882
0.13854047
0.33031587
0.08609566
0.31447002
0.28219953
0.04987922
0.21900222
0.29303129
0.01874258
0.14966407
0.05219225
0.06734258
0.21795041
0.20168505
0.22596700
0.21098802
0.00630969
0.02234492
0.11896620
0.00525962
0.23608335
0.53594715
0.61533799
0.09189062
0.18884965
0.21159978
0.80060335
0.08790767
0.24621582
0.73053569
0.38173643
0.68432891
0.92152214
0.64931578
0.02095744
0.15971611
0.27277440
0.00701782
0.99921457
0.98475388
0.06590913
0.14811479
0.00080711
0.11999007
0.22943768
0.02901316
0.00652099
0.12281182
0.01442841
0.03797800
0.05943551
0.00545737
0.19343881
0.03529637
0.04577495
0.10200725
0.62371715
0.00044934
0.01026334
0.10324336
0.82156994
0.87603529
0.31675875
0.37976036
0.00022265
0.03773120
0.36036762
0.05865307
0.11574765
0.00068641
0.03712691
0.07062997
0.03017956
0.29675716
0.30596902
0.00041548
0.09541465
0.66424439
0.12302823
0.32642786
0.99999377
0.03489433
0.43526103
0.49613688
0.02600260
0.00209860
0.04501645
0.04554131
0.05026951
0.30400277
0.01178007
0.70095922
0.00594600
0.50018385
0.03929471
0.04290234
0.04505571
0.22525074
0.00539432
0.01411876
0.00549169
0.00639909
0.16108078
0.00219331
0.00548621
0.00302986
0.06414641
0.52691929
0.67288295
0.00116785
0.03816456
0.02231641
0.01437385
0.16185377
0.02204903
0.00852412
0.00112009
0.38388898
0.00112469
0.13336388
0.43039076
0.26603191
0.21445301
0.50032945
0.03504523
0.00162589
0.15343169
0.13756647
0.30464683
0.12382893
0.11216568
0.71210553
0.02871800
0.00813086
0.00002593
0.10879799
0.19621480
0.00430160
0.42943487
0.49887440
0.01827597
0.00221686
0.25497848
0.24102413
0.11784134
0.49319385
0.01564016
0.89969648
0.17331530
0.56614965
0.63294658
0.00133291
0.23744361
0.03641171
0.65158991
0.12523091
0.09054812
0.62857805
0.09031847
0.22317747
0.15704954
0.00124516
0.21345864
0.12262247
0.04986545
0.00429612
0.12424568
0.00109207
0.18711409
0.26418868
0.18579236
0.05075786
0.60735838
0.25154989
0.05997940
0.01087080
0.95364753
0.27784974
0.10319346
0.34193006
0.24405805
0.52272974
0.00049024
0.82178292
0.80264217
0.04169827
0.07117957
0.69517608
0.00000282
0.11740295
0.14675100
0.02049182
0.00188628
0.02798262
0.10744747
0.04342689
0.18525358
0.16882347
0.01095257
0.16124586
0.36474453
0.03667357
0.27040147
0.39315839
0.57011666
0.12189940
0.19860956
0.24223615
0.78264555
0.09923692
0.06024064
0.03458216
0.70725236
0.05540552
0.16341472
0.04643382
0.00588364
0.13673983
0.06195800
0.04524684
0.00857215
0.10429674
0.05977514
0.00605379
0.05551214
0.07815515
0.15439841
0.12782434
0.00262962
0.16492796
0.00005527
0.57914496
0.05861698
0.08201912
0.21815013
0.00136126
0.14227822
0.04242371
0.09490960
0.22303109
0.22379870
0.18519035
0.61173069
0.42239231
0.14573078
0.02488205
0.63894340
0.01116728
0.41910047
0.00785597
0.00182877
0.00018064
0.05534348
0.00928647
0.16593113
0.36923554
0.57738454
0.00524613
0.07407174
0.47795593
0.04178206
0.43777365
0.80184141
0.06298322
0.00029399
0.31571159
0.03980821
0.00234994
0.10149935
0.18823608
0.05353883
0.07836901
0.01731531
0.03061827
0.05758566
0.03275839
0.08658533
0.01098725
0.53970749
0.71673487
0.14243094
0.54842910
0.78342318
0.00040502
0.00838225
0.00334549
0.11165368
0.01648415
0.01217944
0.29052975
0.10314787
0.04648124
0.10617384
0.00686604
0.08364665
0.75573847
0.04245302
0.13397377
0.34173454
0.00339249
0.17174027
0.03076390
0.00148304
0.07299026
0.00917133
0.00149722
0.03172450
0.54149985
0.00193525
0.02926608
0.00979010
0.39670209
0.06016124
0.00062060
0.01855011
0.01363301
0.04284250
0.23093380
0.05950792
0.34202589
0.05834059
0.02296936
0.13187332
0.20203570
0.02232672
0.11658395
0.00994214
0.58785409
0.08210434
0.70555135
0.03222211
0.22667862
0.03047159
0.10075845
0.00120458
0.32178510
0.01813322
0.24161246
0.00308547
0.42515863
0.06934533
0.06291299
0.12366299
0.47627518
0.04443489
0.50908746
0.97291384
0.75731325
0.73591681
0.16704104
0.03056384
0.15288105
0.08101806
0.01358622
0.15968865
0.00845599
0.18687631
0.43992155
0.75321254
0.11552591
0.00015007
0.11784248
0.00233640
0.82218652
0.37046969
0.58204171
0.26613266
0.87169773
0.15601143
0.41854856
0.19454624
0.07432203
0.00001851
0.23066898
0.04135319
0.10701327
0.00010846
0.04975024
0.22574217
0.17098235
0.41047013
0.44351108
0.37688085
0.02888454
0.00000100
0.00105497
0.31200281
0.00458405
0.00645748
0.09674579
0.99298013
0.10007476
0.03322794
0.05808183
0.47304729
0.00973853
0.27983485
0.76790445
0.01114031
0.50566606
0.43231023
0.00073973
0.14983574
0.25446739
0.00250293
0.14475567
0.38574690
0.02123313
0.16141180
0.04889892
0.38952390
0.07331697
0.06473167
0.18018119
0.00525628
0.19090466
0.12162016
0.16067848
0.04034048
0.10153095
0.00317498
0.03689389
0.03892188
0.00017555
0.16030691
0.01349145
0.44869421
0.25136051
0.78341783
0.93106949
0.11013860
0.10730113
0.42544290
0.11255332
0.00286209
0.10912141
0.02142718
0.89981387
0.66587263
0.03080739
0.02156869
0.31401145
0.01168642
0.36265468
0.15780282
0.97572668
0.37275971
0.07636930
0.00119780
0.03405512
0.21801659
0.59144958
0.23683384
0.88964614
0.15991210
0.03005373
0.01250366
0.21238263
0.15484665
0.05553870
0.15626375
0.55510327
0.26986045
0.03854471
0.35793127
0.27837817
0.56331730
0.02535030
0.13365102
0.00160023
0.36690115
0.01340709
0.05013268
0.00074719
0.51152767
0.03390476
0.35350334
0.15374984
0.03617747
0.00329648
