0.93812375
0.02794411
0.17365269
0.04191617
0.04191617
0.12774451
0.48502994
0.87624750
0.04790419
0.67664671
0.90219561
0.87225549
0.03592814
0.15369261
0.87425150
0.95409182
0.34530938
0.43512974
0.01796407
0.03193613
0.02395210
0.04790419
0.97604790
0.57285429
0.66067864
0.02395210
0.95608782
0.69461078
0.35129741
0.96806387
0.19960080
0.02994012
0.31736527
0.03193613
0.03792415
0.01197605
0.05389222
0.75049900
0.02994012
0.66067864
0.01197605
0.00199601
0.74051896
0.04790419
0.26546906
0.72854291
0.13972056
0.04191617
0.01796407
0.76447106
0.01397206
0.61676647
0.24550898
0.79241517
0.99600798
0.02594810
0.00199601
0.83433134
0.03592814
0.98403194
0.21157685
0.42115768
0.01796407
0.02195609
0.03792415
0.95409182
0.56886228
0.73852295
0.75249501
0.91017964
0.66067864
0.41716567
0.81437126
0.86626747
0.46906188
0.90618762
0.67465070
0.88223553
0.87624750
0.15369261
0.62874251
0.02594810
0.01596806
0.99999900
0.75848303
0.00998004
0.01596806
0.01197605
0.98802395
0.93812375
0.88622754
0.02395210
0.02195609
0.92415170
0.00798403
0.98802395
0.58283433
0.02395210
0.26347305
0.35928144
0.03193613
0.15768463
0.22754491
0.51297405
0.04391218
0.58483034
0.41317365
0.99999900
0.86826347
0.03393214
0.01996008
0.04990020
0.69061876
0.88423154
0.93812375
0.16367265
0.88023952
0.02594810
0.03992016
0.94211577
0.99001996
0.04990020
0.75648703
0.68862275
0.72255489
0.03992016
0.99999900
0.01596806
0.04391218
0.05389222
0.03393214
0.91217565
0.02794411
0.03792415
0.24950100
0.65069860
0.65069860
0.01397206
0.40718563
0.13572854
0.75449102
0.02994012
0.02594810
0.02594810
0.05189621
0.04391218
0.45908184
0.03992016
0.91816367
0.99401198
0.04391218
0.69461078
0.92215569
0.28742515
0.90419162
0.43113772
0.83832335
0.86027944
0.00399202
0.70059880
0.18363273
0.65469062
0.18962076
0.02594810
0.01796407
0.91616766
0.05588822
0.86427146
0.20958084
0.03792415
0.60878244
0.04191617
0.56686627
0.69860279
0.02395210
0.02395210
0.88622754
0.03592814
0.03193613
0.03193613
0.37325349
0.02195609
0.02994012
0.77644711
0.01996008
0.04191617
0.02594810
0.76047904
0.58882236
0.04790419
0.84431138
0.86427146
0.02794411
0.81836327
0.39520958
0.30538922
0.19560878
0.00399202
0.19960080
0.60279441
0.14570858
0.96606786
0.03393214
0.01996008
0.80439122
0.04590818
0.01397206
0.01197605
0.03992016
0.60878244
0.03393214
0.17165669
0.22155689
0.39920160
0.86427146
0.59481038
0.44111776
0.61876248
0.55289421
0.03393214
0.50299401
0.92614770
0.01796407
0.58682635
0.03193613
0.03992016
0.84431138
0.34730539
0.99401198
0.85628743
0.98003992
0.49700599
0.19560878
0.34131737
0.27345309
0.98203593
0.20958084
0.09580838
0.96606786
0.86027944
0.25948104
0.36526946
0.63473054
0.42115768
0.66467066
0.03393214
0.89820359
0.85828343
0.70459082
0.19161677
0.04391218
0.01197605
0.03992016
0.02594810
0.99401198
0.67065868
0.61077844
0.54491018
0.70658683
0.11177645
0.14371257
0.02594810
0.64271457
0.13972056
0.74650699
0.10179641
0.66267465
0.01996008
0.77844311
0.99999900
0.37125749
0.14970060
0.01796407
0.03792415
0.72255489
0.20758483
0.81636727
0.27345309
0.17165669
0.76047904
0.01796407
0.33333333
0.04391218
0.42914172
0.37125749
0.01397206
0.38522954
0.31936128
0.72854291
0.12774451
0.58083832
0.06786427
0.04391218
0.62075848
0.02594810
0.94011976
0.76047904
0.71856287
0.00199601
0.06786427
0.99800399
0.85429142
0.05189621
0.36726547
0.69061876
0.92015968
0.44910180
0.64870259
0.02395210
0.46107784
0.05588822
0.03393214
0.34730539
0.69061876
0.02594810
0.72654691
0.98802395
0.96806387
0.54291417
0.10179641
0.99999900
0.99001996
0.47704591
0.89221557
0.37325349
0.01996008
0.01596806
0.01596806
0.02594810
0.00998004
0.69860279
0.37325349
0.63273453
0.99401198
0.04590818
0.03393214
0.93413174
0.02395210
0.54091816
0.00798403
0.98602794
0.22554890
0.20159681
0.04790419
0.03193613
0.03393214
0.57684631
0.28542914
0.12774451
0.82235529
0.13772455
0.02794411
0.03792415
0.34930140
0.11776447
0.96606786
0.08183633
0.30139721
0.00598802
0.86027944
0.03992016
0.02994012
0.52694611
0.87824351
0.30538922
0.99600798
0.99999900
0.01397206
0.76646707
0.57684631
0.65668663
0.02994012
0.88622754
0.36127745
0.02994012
0.27544910
0.01796407
0.03193613
0.01996008
0.03193613
0.14970060
0.03792415
0.13972056
0.99401198
0.89820359
0.79840319
0.45908184
0.63073852
0.45908184
0.02195609
0.92015968
0.32335329
0.01796407
0.02994012
0.01796407
0.01397206
0.42115768
0.39920160
0.66666667
0.00598802
0.00998004
0.43712575
0.17764471
0.16167665
0.01596806
0.37325349
0.80239521
0.03193613
0.93612774
0.54491018
0.00998004
0.00998004
0.02195609
0.06187625
0.60079840
0.03992016
0.02195609
0.00798403
0.31137725
0.00399202
0.00798403
0.81237525
0.86826347
0.62075848
0.01397206
0.03592814
0.73053892
0.02794411
0.04191617
0.02395210
0.44710579
0.03992016
0.54690619
0.89221557
0.42514970
0.02794411
0.76247505
0.29341317
0.31736527
0.23153693
0.00598802
0.99201597
0.50099800
0.44710579
0.02594810
0.25349301
0.92814371
0.21357285
0.98602794
0.51097804
0.82235529
0.66666667
0.55089820
0.31137725
0.54491018
0.68463074
0.16367265
0.04590818
0.04990020
0.10578842
0.05588822
0.02395210
0.57085828
0.01796407
0.51896208
0.85828343
0.89421158
0.01197605
0.02794411
0.05189621
0.04990020
0.94810379
0.55289421
0.01996008
0.04191617
0.03193613
0.57085828
0.03393214
0.48502994
0.62275449
0.02395210
0.05988024
0.75049900
0.03592814
0.02195609
0.84231537
0.73053892
0.02794411
0.03193613
0.48902196
0.22954092
0.01596806
0.43313373
0.81037924
0.03393214
0.74650699
0.34530938
0.99999900
0.37924152
0.51297405
0.25548902
0.02794411
0.89221557
0.28343313
0.50299401
0.02794411
0.82634731
0.40518962
0.24550898
0.16966068
0.02594810
0.81037924
0.02195609
0.87425150
0.62674651
0.80638723
0.99800399
0.01796407
0.67465070
0.49900200
0.15968064
0.88023952
0.02195609
0.01996008
0.40918164
0.82435130
0.01197605
0.18562874
0.95409182
0.03792415
0.99800399
0.49101796
0.02594810
0.96407186
0.02195609
0.00998004
0.94411178
0.99999900
0.92614770
0.89820359
0.01197605
0.04590818
0.03992016
0.72654691
0.04990020
0.19161677
0.01996008
0.72455090
0.29940120
0.40518962
0.02395210
0.32934132
0.70658683
0.00998004
0.16766467
0.03792415
0.01397206
0.99401198
0.03792415
0.62874251
0.04790419
0.04590818
0.41516966
0.05189621
0.92614770
0.09980040
0.99999900
0.01197605
0.56287425
0.45309381
0.48303393
0.21556886
0.88822355
0.32534930
0.94011976
0.92215569
0.66067864
0.02994012
0.77245509
0.80439122
0.01796407
0.67465070
0.02594810
0.79640719
0.51297405
0.54690619
0.01996008
0.99999900
0.02195609
0.06387226
0.11177645
0.99999900
0.85628743
0.03992016
0.03992016
0.15169661
0.74650699
0.73253493
0.91616766
0.41716567
0.04590818
0.48702595
0.93213573
0.04790419
0.01996008
0.87425150
0.74850299
0.24950100
0.03792415
0.18962076
0.69461078
0.03792415
0.76447106
0.00998004
0.62275449
0.03792415
0.04590818
0.02994012
0.21956088
0.19560878
0.99999900
0.40518962
0.01596806
0.05788423
0.01397206
0.07784431
0.58083832
0.01996008
0.54091816
0.10179641
0.34530938
0.76646707
0.96207585
0.02594810
0.83632735
0.84031936
0.39520958
0.04990020
0.10179641
0.68063872
0.61277445
0.86427146
0.06187625
0.03592814
0.84830339
0.91017964
0.61876248
0.33133733
0.91217565
0.15169661
0.99800399
0.64271457
0.80838323
0.90818363
0.25948104
0.68263473
0.02594810
0.22355289
0.00998004
0.83832335
0.53293413
0.54291417
0.75049900
0.02195609
0.67664671
0.03193613
0.81237525
0.48902196
0.05988024
0.01397206
0.60878244
0.23752495
0.15768463
0.50898204
0.33732535
0.81237525
0.77045908
0.01397206
0.27744511
0.87025948
0.01996008
0.88223553
0.02594810
0.75049900
0.99600798
0.31936128
0.63273453
0.25349301
0.01796407
0.01996008
0.02994012
0.92814371
0.03592814
0.01397206
0.75848303
0.48103792
0.24750499
0.71257485
0.01996008
0.02395210
0.41516966
0.01996008
0.80838323
0.34730539
0.02395210
0.03193613
0.83233533
0.79041916
0.99201597
0.53093812
0.04790419
0.89221557
0.91417166
0.81636727
0.00598802
0.00998004
0.80838323
0.99999900
0.42514970
0.55489022
0.03193613
0.40918164
0.54091816
0.03592814
0.01996008
0.26946108
0.43912176
0.74650699
0.89620758
0.04590818
0.87624750
0.21357285
0.37524950
0.02395210
0.67265469
0.99999900
0.03992016
0.78443114
0.38323353
0.00399202
0.45508982
0.83033932
0.26147705
0.54291417
0.58483034
0.02195609
0.30339321
0.13972056
0.27544910
0.04590818
0.26147705
0.28942116
0.00598802
0.01596806
0.30738523
0.22754491
0.02395210
0.56087824
0.91217565
0.03792415
0.13173653
0.06786427
0.04990020
0.91616766
0.01397206
0.67265469
0.04590818
0.99800399
0.01796407
0.57884232
0.98403194
0.41117764
0.94810379
0.87025948
0.81437126
0.01996008
0.03992016
0.64271457
0.03792415
0.73253493
0.05389222
0.05988024
0.67265469
0.35928144
0.03792415
0.22155689
0.74650699
0.39720559
0.22954092
0.04191617
0.00798403
0.02794411
0.55489022
0.86826347
0.77644711
0.54091816
0.13772455
0.56087824
0.01996008
0.25149701
0.00598802
0.00399202
0.00598802
0.43313373
0.65269461
0.10379242
0.64670659
0.99800399
0.34331337
0.31736527
0.95009980
0.99800399
0.56287425
0.01996008
0.58483034
0.03193613
0.00598802
0.53692615
0.02794411
0.57684631
0.89620758
0.91417166
0.02395210
0.00998004
0.46506986
0.00598802
0.11976048
0.03992016
0.29540918
0.48902196
0.40518962
0.08183633
0.81237525
0.92015968
0.88423154
0.92215569
0.73453094
0.01996008
0.01796407
0.02994012
0.01397206
0.79241517
0.04790419
0.04391218
0.46506986
0.97405190
0.20159681
0.01596806
0.02195609
0.01796407
0.99600798
0.18962076
0.98802395
0.01996008
0.99999900
0.57485030
0.23952096
0.02594810
0.41516966
0.01796407
0.82235529
0.02395210
0.03992016
0.47504990
0.04391218
0.03193613
0.06387226
0.36926148
0.02794411
0.78043912
0.96606786
0.36127745
0.02594810
0.75848303
0.01397206
0.98403194
0.02195609
0.95608782
0.30538922
0.83832335
0.64271457
0.03393214
0.16766467
0.05389222
0.00998004
0.76646707
0.01996008
0.04590818
0.77045908
0.15768463
0.62075848
0.03193613
0.31337325
0.46506986
0.66666667
0.98602794
0.07984032
0.54690619
0.03393214
0.79840319
0.34331337
0.89021956
0.44510978
0.85029940
0.02994012
0.11377246
0.01397206
0.99999900
0.01397206
0.73253493
0.01596806
0.01596806
0.91417166
0.13173653
0.65668663
0.99201597
0.68862275
0.54091816
0.99001996
0.72854291
0.37524950
0.00598802
0.56287425
0.03592814
0.86227545
0.13572854
0.75049900
0.93413174
0.67664671
0.52495010
0.02994012
0.51896208
0.55888224
0.62475050
0.03992016
0.02195609
0.05189621
0.64071856
0.62874251
0.80039920
0.21956088
0.04391218
0.99999900
0.24351297
0.80439122
0.89421158
0.01996008
0.04391218
0.02994012
0.86626747
0.99800399
0.14570858
0.00399202
0.99800399
0.99999900
0.04191617
0.99401198
0.01796407
0.44111776
0.15768463
0.01796407
0.22554890
0.81037924
0.25149701
0.00798403
0.02994012
0.03792415
0.78642715
0.34530938
0.79441118
0.02794411
0.03792415
0.01996008
0.03792415
0.77445110
0.33532934
0.29740519
0.54091816
0.05389222
0.81237525
0.36127745
0.02794411
0.65868263
0.20159681
0.02994012
0.09580838
0.02994012
0.16966068
0.03393214
0.46906188
0.04790419
0.03792415
0.18762475
0.99001996
0.04391218
0.00798403
0.91816367
0.79840319
0.94610778
0.23353293
