0.01596806
0.01796407
0.12774451
0.01796407
0.02195609
0.05788423
0.01596806
0.60479042
0.02395210
0.64471058
0.67265469
0.80838323
0.02395210
0.17764471
0.73652695
0.75449102
0.31137725
0.33133733
0.01197605
0.00199601
0.00998004
0.01197605
0.76646707
0.43313373
0.00998004
0.03193613
0.80638723
0.52095808
0.31936128
0.21956088
0.29940120
0.28542914
0.23552894
0.01996008
0.01596806
0.00199601
0.64271457
0.66467066
0.01197605
0.57285429
0.16566866
0.00199601
0.60678643
0.01397206
0.21956088
0.68862275
0.09980040
0.02594810
0.00399202
0.74650699
0.00199601
0.58083832
0.26147705
0.71656687
0.77045908
0.00998004
0.00199601
0.72854291
0.00798403
0.87624750
0.20758483
0.02195609
0.14171657
0.01996008
0.01796407
0.36327345
0.54690619
0.02594810
0.64271457
0.01796407
0.62075848
0.26546906
0.84830339
0.49500998
0.45708583
0.35928144
0.66067864
0.82435130
0.07784431
0.11776447
0.00998004
0.00399202
0.00998004
0.82634731
0.55289421
0.00199601
0.00598802
0.00199601
0.85229541
0.16566866
0.84231537
0.01996008
0.01596806
0.85029940
0.00598802
0.82834331
0.00798403
0.00399202
0.16367265
0.20159681
0.01596806
0.50499002
0.18962076
0.49700599
0.02195609
0.52095808
0.33532934
0.72055888
0.86427146
0.01596806
0.34530938
0.01996008
0.45508982
0.71257485
0.78842315
0.15369261
0.74451098
0.42514970
0.70858283
0.88622754
0.56487026
0.04191617
0.03393214
0.56087824
0.60079840
0.01796407
0.74451098
0.01197605
0.02794411
0.02794411
0.00998004
0.02195609
0.02594810
0.01397206
0.20558882
0.03393214
0.49900200
0.00399202
0.40319361
0.10379242
0.66267465
0.01397206
0.34331337
0.01796407
0.03792415
0.02994012
0.33932136
0.01796407
0.61277445
0.65069860
0.01397206
0.02794411
0.75049900
0.23952096
0.03393214
0.56087824
0.50698603
0.54091816
0.00399202
0.03393214
0.17165669
0.02994012
0.17964072
0.01197605
0.00998004
0.76846307
0.01397206
0.61277445
0.17764471
0.01596806
0.52295409
0.01796407
0.44710579
0.01197605
0.00598802
0.00199601
0.78043912
0.00798403
0.50299401
0.02395210
0.45708583
0.00399202
0.01197605
0.65269461
0.26347305
0.02395210
0.00998004
0.62475050
0.47105788
0.01796407
0.69261477
0.72854291
0.01197605
0.74850299
0.29740519
0.25149701
0.12175649
0.00798403
0.19760479
0.51696607
0.12974052
0.02195609
0.01596806
0.00399202
0.01397206
0.02395210
0.00598802
0.00399202
0.01996008
0.69860279
0.73453094
0.08183633
0.11776447
0.36127745
0.87824351
0.56686627
0.35528942
0.56087824
0.54491018
0.00598802
0.38323353
0.69061876
0.01197605
0.48502994
0.02594810
0.01796407
0.68063872
0.28343313
0.79041916
0.55489022
0.86826347
0.01397206
0.13772455
0.36127745
0.21756487
0.99600798
0.18363273
0.07784431
0.75449102
0.01596806
0.17964072
0.31137725
0.01397206
0.32934132
0.01796407
0.00798403
0.86227545
0.01397206
0.71457086
0.15568862
0.02794411
0.00798403
0.64271457
0.00798403
0.84830339
0.58882236
0.67864271
0.01397206
0.01596806
0.09381238
0.10578842
0.00998004
0.02395210
0.09381238
0.56886228
0.07185629
0.23552894
0.01197605
0.01996008
0.59481038
0.25149701
0.14570858
0.00598802
0.02994012
0.55289421
0.20159681
0.75249501
0.21956088
0.09980040
0.61676647
0.00399202
0.29540918
0.03992016
0.01397206
0.26746507
0.00199601
0.31736527
0.24351297
0.66866267
0.07784431
0.01596806
0.02395210
0.01596806
0.01596806
0.01197605
0.83433134
0.61477046
0.03193613
0.00199601
0.06387226
0.86427146
0.58283433
0.01197605
0.32734531
0.01796407
0.01996008
0.46107784
0.01996008
0.01197605
0.43313373
0.03393214
0.02594810
0.00399202
0.01596806
0.00598802
0.63073852
0.78842315
0.82435130
0.47504990
0.04990020
0.85828343
0.99800399
0.39121756
0.70858283
0.28742515
0.00798403
0.00399202
0.00798403
0.00798403
0.00798403
0.52495010
0.00598802
0.57485030
0.36726547
0.55489022
0.66666667
0.84830339
0.00598802
0.01197605
0.00199601
0.19161677
0.18163673
0.16367265
0.67864271
0.02594810
0.00598802
0.01397206
0.20758483
0.09980040
0.80439122
0.09980040
0.01397206
0.02594810
0.27744511
0.11776447
0.02794411
0.04990020
0.20958084
0.00399202
0.01197605
0.01996008
0.00598802
0.57285429
0.86027944
0.14570858
0.85229541
0.01596806
0.00598802
0.67265469
0.50898204
0.01796407
0.00598802
0.02195609
0.36127745
0.02395210
0.23952096
0.00598802
0.01996008
0.00798403
0.01596806
0.12375250
0.02794411
0.11177645
0.85628743
0.40319361
0.75848303
0.52894212
0.02594810
0.33532934
0.52894212
0.67265469
0.26147705
0.01397206
0.00798403
0.00598802
0.00399202
0.26546906
0.41117764
0.53293413
0.00199601
0.00399202
0.42714571
0.10379242
0.10778443
0.00199601
0.30339321
0.72455090
0.02395210
0.42914172
0.48502994
0.00399202
0.00199601
0.00598802
0.03592814
0.54091816
0.76646707
0.02395210
0.00598802
0.34331337
0.00399202
0.04990020
0.67065868
0.90419162
0.02395210
0.00199601
0.01197605
0.01796407
0.30139721
0.01996008
0.00798403
0.35528942
0.03792415
0.40119760
0.00798403
0.32135729
0.00598802
0.64271457
0.23153693
0.27345309
0.18562874
0.00199601
0.71457086
0.00199601
0.38722555
0.00998004
0.23952096
0.02395210
0.22155689
0.96407186
0.51497006
0.38722555
0.52694611
0.43912176
0.29540918
0.45508982
0.02395210
0.11776447
0.02395210
0.01596806
0.07185629
0.04391218
0.01197605
0.47504990
0.00798403
0.43912176
0.02994012
0.02594810
0.00598802
0.00199601
0.03193613
0.04590818
0.81237525
0.39520958
0.00399202
0.47704591
0.00998004
0.51896208
0.01596806
0.34131737
0.55688623
0.00598802
0.05788423
0.69261477
0.01596806
0.00998004
0.64471058
0.65469062
0.01197605
0.02195609
0.36726547
0.27345309
0.00199601
0.48103792
0.16766467
0.68662675
0.71457086
0.24351297
0.68662675
0.34930140
0.42514970
0.15369261
0.48702595
0.29540918
0.00199601
0.41117764
0.00598802
0.02195609
0.26946108
0.14970060
0.18163673
0.01796407
0.66666667
0.15568862
0.80439122
0.00998004
0.70858283
0.97405190
0.00998004
0.51297405
0.44510978
0.11377246
0.02195609
0.01197605
0.00798403
0.32534930
0.68063872
0.00399202
0.16367265
0.87025948
0.39321357
0.86826347
0.47704591
0.00598802
0.85229541
0.01397206
0.00399202
0.03393214
0.80439122
0.81037924
0.05189621
0.01197605
0.00998004
0.00798403
0.01197605
0.65868263
0.17764471
0.00199601
0.57884232
0.27744511
0.39321357
0.01996008
0.35928144
0.67065868
0.00598802
0.08183633
0.02395210
0.00598802
0.52694611
0.45708583
0.61477046
0.50698603
0.01796407
0.34530938
0.02395210
0.85828343
0.05588822
0.54890220
0.15568862
0.49700599
0.47305389
0.39520958
0.12375250
0.02195609
0.19560878
0.83433134
0.85828343
0.64071856
0.01596806
0.60878244
0.62475050
0.00199601
0.56487026
0.01197605
0.75648703
0.46307385
0.43912176
0.01397206
0.02195609
0.45508982
0.65868263
0.09980040
0.80638723
0.70459082
0.02594810
0.39321357
0.10179641
0.02594810
0.01197605
0.82035928
0.32934132
0.00998004
0.50099800
0.79241517
0.01996008
0.00199601
0.30339321
0.62674651
0.22754491
0.00798403
0.13373253
0.65269461
0.01596806
0.55489022
0.00399202
0.46906188
0.82035928
0.02594810
0.01596806
0.39121756
0.10379242
0.25948104
0.74451098
0.00598802
0.62674651
0.00399202
0.05988024
0.01197605
0.00798403
0.51497006
0.03592814
0.21756487
0.71057884
0.76247505
0.02594810
0.72255489
0.61876248
0.29540918
0.01397206
0.05988024
0.63273453
0.56686627
0.83632735
0.03393214
0.48303393
0.72455090
0.02594810
0.67864271
0.34730539
0.99201597
0.08383234
0.84630739
0.59481038
0.68263473
0.76646707
0.25548902
0.50299401
0.00998004
0.10978044
0.00199601
0.03792415
0.44710579
0.48502994
0.68063872
0.00399202
0.01596806
0.00598802
0.65469062
0.48103792
0.04191617
0.00199601
0.59281437
0.54091816
0.09181637
0.38123752
0.28742515
0.02395210
0.66866267
0.00199601
0.23552894
0.94411178
0.00998004
0.52894212
0.01197605
0.64471058
0.61477046
0.22754491
0.45309381
0.14970060
0.00598802
0.00798403
0.01197605
0.69461078
0.01796407
0.00399202
0.74451098
0.34331337
0.23153693
0.02195609
0.01197605
0.01596806
0.23752495
0.00998004
0.61277445
0.29540918
0.00199601
0.01996008
0.81636727
0.02195609
0.69660679
0.01397206
0.03193613
0.73253493
0.73053892
0.66467066
0.00199601
0.00399202
0.03992016
0.93612774
0.30139721
0.42714571
0.46107784
0.32934132
0.44311377
0.64670659
0.00998004
0.21357285
0.35129741
0.03592814
0.02594810
0.47105788
0.03193613
0.17764471
0.31736527
0.01197605
0.55489022
0.75449102
0.00998004
0.63872255
0.31137725
0.18363273
0.30538922
0.02395210
0.19560878
0.41317365
0.46506986
0.00399202
0.24550898
0.12574850
0.13572854
0.02395210
0.17365269
0.18762475
0.00199601
0.00199601
0.32534930
0.13173653
0.00798403
0.49301397
0.78842315
0.01796407
0.14770459
0.96207585
0.68862275
0.88622754
0.37524950
0.80439122
0.02994012
0.42514970
0.25748503
0.40319361
0.76247505
0.29540918
0.91017964
0.71656687
0.02195609
0.00598802
0.02794411
0.56886228
0.01796407
0.04191617
0.02395210
0.55489022
0.01197605
0.20958084
0.01596806
0.25548902
0.03992016
0.29341317
0.16566866
0.02195609
0.00399202
0.01596806
0.50698603
0.80239521
0.67265469
0.38323353
0.00199601
0.67265469
0.00998004
0.26347305
0.00598802
0.00199601
0.00199601
0.40918164
0.46906188
0.09980040
0.56686627
0.09780439
0.26746507
0.33732535
0.97205589
0.01996008
0.40718563
0.00998004
0.47504990
0.02594810
0.00199601
0.46506986
0.01197605
0.42714571
0.88822355
0.02994012
0.62475050
0.00199601
0.49500998
0.00199601
0.08183633
0.02594810
0.27544910
0.44311377
0.51497006
0.06387226
0.71057884
0.76846307
0.60279441
0.56487026
0.55089820
0.00399202
0.00598802
0.02395210
0.00998004
0.01197605
0.02794411
0.75848303
0.34530938
0.94211577
0.12974052
0.00399202
0.64271457
0.00199601
0.75249501
0.16167665
0.70459082
0.00199601
0.20359281
0.61477046
0.21157685
0.00598802
0.57285429
0.01397206
0.63273453
0.01596806
0.61277445
0.43313373
0.01596806
0.02195609
0.00998004
0.32734531
0.01596806
0.63273453
0.77644711
0.25349301
0.00399202
0.65668663
0.00399202
0.79441118
0.00399202
0.03193613
0.27744511
0.01796407
0.55888224
0.01796407
0.11177645
0.64071856
0.00399202
0.02594810
0.00798403
0.79840319
0.64471058
0.17764471
0.59281437
0.01197605
0.28942116
0.44910180
0.60079840
0.82634731
0.04391218
0.48702595
0.02794411
0.62275449
0.28343313
0.76846307
0.47305389
0.72455090
0.00798403
0.09381238
0.00399202
0.91217565
0.00399202
0.55489022
0.00199601
0.01397206
0.01796407
0.10379242
0.58283433
0.99999900
0.62475050
0.48502994
0.75648703
0.01996008
0.36926148
0.00399202
0.01397206
0.03792415
0.46506986
0.09181637
0.62874251
0.78443114
0.66866267
0.57085828
0.01397206
0.36726547
0.43912176
0.01397206
0.01397206
0.01197605
0.01996008
0.50898204
0.49700599
0.70059880
0.19760479
0.01996008
0.87425150
0.20758483
0.02395210
0.42115768
0.01197605
0.01996008
0.02195609
0.01397206
0.53692615
0.09980040
0.00399202
0.83433134
0.03792415
0.02794411
0.86427146
0.00598802
0.44910180
0.51097804
0.00598802
0.18363273
0.65469062
0.24351297
0.00399202
0.17165669
0.39520958
0.75049900
0.23952096
0.02794411
0.00598802
0.01796407
0.00598802
0.01996008
0.02395210
0.29740519
0.31137725
0.38722555
0.01796407
0.66666667
0.29540918
0.01197605
0.01796407
0.18163673
0.00598802
0.10778443
0.01796407
0.10778443
0.00598802
0.46107784
0.52694611
0.40319361
0.13972056
0.07185629
0.01197605
0.00199601
0.02195609
0.66267465
0.73253493
0.18562874
