0.56087824
0.95209581
0.93612774
0.95808383
0.87624750
0.93213573
0.67864271
0.65069860
0.88423154
0.95409182
0.32135729
0.29740519
0.96806387
0.56487026
0.73852295
0.42914172
0.03592814
0.96806387
0.94411178
0.97405190
0.93213573
0.96407186
0.40319361
0.09580838
0.95808383
0.84431138
0.33133733
0.96606786
0.02794411
0.35928144
0.38522954
0.03193613
0.02794411
0.96407186
0.94810379
0.93413174
0.97205589
0.98203593
0.96007984
0.98003992
0.95409182
0.93013972
0.20558882
0.95608782
0.98602794
0.25149701
0.92814371
0.97005988
0.94411178
0.85828343
0.92614770
0.53892216
0.28542914
0.20758483
0.40119760
0.96606786
0.91616766
0.95808383
0.96007984
0.45908184
0.00998004
0.56886228
0.92814371
0.16566866
0.96806387
0.49101796
0.08582834
0.97405190
0.14570858
0.97205589
0.96407186
0.97405190
0.35928144
0.17365269
0.23952096
0.44910180
0.98602794
0.97405190
0.46506986
0.88622754
0.05389222
0.91616766
0.95608782
0.51097804
0.22355289
0.94610778
0.92215569
0.94211577
0.43512974
0.35528942
0.55289421
0.89421158
0.94610778
0.97604790
0.93812375
0.98403194
0.95808383
0.94011976
0.95009980
0.97604790
0.95409182
0.23952096
0.97604790
0.98403194
0.95608782
0.13972056
0.97804391
0.29740519
0.53293413
0.95209581
0.93413174
0.96806387
0.96207585
0.23153693
0.55489022
0.91816367
0.22554890
0.92614770
0.96806387
0.28742515
0.05389222
0.95808383
0.97205589
0.11776447
0.15568862
0.96606786
0.74850299
0.82834331
0.96207585
0.96806387
0.94810379
0.97005988
0.04191617
0.91017964
0.98003992
0.88223553
0.97005988
0.94411178
0.19760479
0.93413174
0.18163673
0.02994012
0.95808383
0.95209581
0.09780439
0.96407186
0.96606786
0.97804391
0.22754491
0.34331337
0.95009980
0.96606786
0.26746507
0.93013972
0.97005988
0.19361277
0.16566866
0.71856287
0.93612774
0.96407186
0.01796407
0.98203593
0.01996008
0.97005988
0.92215569
0.23752495
0.71057884
0.68463074
0.94810379
0.95009980
0.12574850
0.97804391
0.97405190
0.97604790
0.95009980
0.95608782
0.99001996
0.95409182
0.96407186
0.96606786
0.15968064
0.95808383
0.94211577
0.30139721
0.96806387
0.95808383
0.96007984
0.17365269
0.15369261
0.96806387
0.92614770
0.27345309
0.86027944
0.97604790
0.86826347
0.04191617
0.96207585
0.94610778
0.00798403
0.96207585
0.24550898
0.77445110
0.97604790
0.94211577
0.97604790
0.93213573
0.95608782
0.90818363
0.96207585
0.54890220
0.97804391
0.95409182
0.93213573
0.05389222
0.62075848
0.97005988
0.33932136
0.20159681
0.16766467
0.96007984
0.97405190
0.24550898
0.94211577
0.14171657
0.94411178
0.96606786
0.21756487
0.86027944
0.52694611
0.19960080
0.62874251
0.96606786
0.03592814
0.40718563
0.01596806
0.71656687
0.08582834
0.07385230
0.34930140
0.96606786
0.98003992
0.04191617
0.96407186
0.26946108
0.97205589
0.94411178
0.98602794
0.98003992
0.97005988
0.64471058
0.97205589
0.95608782
0.97005988
0.96207585
0.98003992
0.21556886
0.95409182
0.95808383
0.97205589
0.09780439
0.00199601
0.96407186
0.12774451
0.92015968
0.96606786
0.26147705
0.56087824
0.91816367
0.57085828
0.25349301
0.95608782
0.88822355
0.96207585
0.92215569
0.20758483
0.94810379
0.97804391
0.11576846
0.01996008
0.98203593
0.95808383
0.03193613
0.89021956
0.93413174
0.05988024
0.92015968
0.97205589
0.06786427
0.28542914
0.05988024
0.96407186
0.90818363
0.96007984
0.89421158
0.95808383
0.97405190
0.97804391
0.96407186
0.90818363
0.95608782
0.38123752
0.97804391
0.79441118
0.93413174
0.95009980
0.97804391
0.44111776
0.88622754
0.00998004
0.96207585
0.13572854
0.97205589
0.93013972
0.95209581
0.95808383
0.96806387
0.36327345
0.37924152
0.95409182
0.00199601
0.26946108
0.49900200
0.44510978
0.49700599
0.88423154
0.95409182
0.94211577
0.96007984
0.95009980
0.95608782
0.16766467
0.96007984
0.96207585
0.48303393
0.96806387
0.96007984
0.99201597
0.95009980
0.95409182
0.91816367
0.50299401
0.11377246
0.96606786
0.97604790
0.84031936
0.95808383
0.96207585
0.96606786
0.94810379
0.97604790
0.00798403
0.95608782
0.96207585
0.52894212
0.86826347
0.96407186
0.91417166
0.95209581
0.94411178
0.97005988
0.95808383
0.94610778
0.96007984
0.97804391
0.94411178
0.99201597
0.98203593
0.96207585
0.23153693
0.32734531
0.97005988
0.95808383
0.97804391
0.95009980
0.96407186
0.12974052
0.89221557
0.73253493
0.95608782
0.94610778
0.87824351
0.96806387
0.87225549
0.97205589
0.19161677
0.33532934
0.62674651
0.96007984
0.97005988
0.96407186
0.14970060
0.00998004
0.95409182
0.95209581
0.94610778
0.92614770
0.97205589
0.85029940
0.13772455
0.91816367
0.93213573
0.97005988
0.24351297
0.15768463
0.94411178
0.94810379
0.97405190
0.87824351
0.25748503
0.21157685
0.90618762
0.93612774
0.94610778
0.84630739
0.96207585
0.43512974
0.94011976
0.93413174
0.54491018
0.94411178
0.91417166
0.98403194
0.59680639
0.96207585
0.92215569
0.96407186
0.97205589
0.96207585
0.95409182
0.94211577
0.19560878
0.95409182
0.95009980
0.88423154
0.11177645
0.89021956
0.90618762
0.01397206
0.93013972
0.95808383
0.93213573
0.44910180
0.95409182
0.96407186
0.94011976
0.92215569
0.30938124
0.94411178
0.62874251
0.12375250
0.36127745
0.97205589
0.96606786
0.95009980
0.06586826
0.96806387
0.90219561
0.96207585
0.96407186
0.07185629
0.19960080
0.94810379
0.96806387
0.95009980
0.53892216
0.97604790
0.97405190
0.89021956
0.95608782
0.98003992
0.96806387
0.41317365
0.85828343
0.95808383
0.92614770
0.93612774
0.98003992
0.86427146
0.94011976
0.97604790
0.94810379
0.89021956
0.24151697
0.96407186
0.96207585
0.99001996
0.97205589
0.96007984
0.97005988
0.95409182
0.96407186
0.95209581
0.27744511
0.42115768
0.27544910
0.96407186
0.96606786
0.52694611
0.59880240
0.95808383
0.96407186
0.95009980
0.21357285
0.94411178
0.23752495
0.94411178
0.97405190
0.96806387
0.93612774
0.91816367
0.96207585
0.96606786
0.92415170
0.97405190
0.95608782
0.24351297
0.81636727
0.95608782
0.18562874
0.95808383
0.04590818
0.96606786
0.95009980
0.94211577
0.96806387
0.98403194
0.95409182
0.01796407
0.18562874
0.94011976
0.42914172
0.88822355
0.95608782
0.56487026
0.96207585
0.93612774
0.97005988
0.51097804
0.41117764
0.34730539
0.96606786
0.96407186
0.96007984
0.95608782
0.96606786
0.96606786
0.94411178
0.98203593
0.03592814
0.96007984
0.94810379
0.90019960
0.96606786
0.94011976
0.96007984
0.95608782
0.95608782
0.06586826
0.94211577
0.96007984
0.85628743
0.96806387
0.12175649
0.86027944
0.87425150
0.01397206
0.13373253
0.94810379
0.96407186
0.95409182
0.97005988
0.98203593
0.97005988
0.96806387
0.30738523
0.67664671
0.18163673
0.94610778
0.92015968
0.97804391
0.93612774
0.16167665
0.94011976
0.97205589
0.14770459
0.10778443
0.96407186
0.97604790
0.97005988
0.24750499
0.01596806
0.65069860
0.26546906
0.96606786
0.81037924
0.26347305
0.97405190
0.96806387
0.67864271
0.04990020
0.95209581
0.05389222
0.97604790
0.89421158
0.95209581
0.57485030
0.24151697
0.92814371
0.96007984
0.94011976
0.97405190
0.95209581
0.97005988
0.92215569
0.13972056
0.95209581
0.97405190
0.97005988
0.97205589
0.03592814
0.78443114
0.41117764
0.95009980
0.38323353
0.93013972
0.89021956
0.96806387
0.95209581
0.95608782
0.97205589
0.96407186
0.97804391
0.30339321
0.97205589
0.90219561
0.98203593
0.43113772
0.95608782
0.50099800
0.96806387
0.94810379
0.97604790
0.97804391
0.93812375
0.28343313
0.96207585
0.65069860
0.57684631
0.80239521
0.00598802
0.48702595
0.10578842
0.98802395
0.15369261
0.23353293
0.95608782
0.95808383
0.03592814
0.96407186
0.95808383
0.11776447
0.25548902
0.16367265
0.96007984
0.95409182
0.94610778
0.35528942
0.94610778
0.98203593
0.95009980
0.17165669
0.98602794
0.92415170
0.96007984
0.41317365
0.96207585
0.96606786
0.92814371
0.30538922
0.56686627
0.95608782
0.16766467
0.94610778
0.23552894
0.42714571
0.51297405
0.97604790
0.07584830
0.94411178
0.94011976
0.94411178
0.70658683
0.81037924
0.93812375
0.25948104
0.08782435
0.87225549
0.97005988
0.95608782
0.97005988
0.95409182
0.86027944
0.97804391
0.04990020
0.94411178
0.97005988
0.27145709
0.96407186
0.70858283
0.95209581
0.40319361
0.31137725
0.20359281
0.16367265
0.92215569
0.94211577
0.97804391
0.58483034
0.98403194
0.95409182
0.04990020
0.10578842
0.04790419
0.73253493
0.92614770
0.94211577
0.89221557
0.97405190
0.96407186
0.78842315
0.97005988
0.94810379
0.93812375
0.96207585
0.13972056
0.28742515
0.97005988
0.25149701
0.03992016
0.92415170
0.96606786
0.98003992
0.96007984
0.97804391
0.11377246
0.95209581
0.52495010
0.73652695
0.96207585
0.96606786
0.50299401
0.47305389
0.90618762
0.93612774
0.53692615
0.11576846
0.96007984
0.14770459
0.98802395
0.98003992
0.85229541
0.74051896
0.97005988
0.62874251
0.95009980
0.97405190
0.89421158
0.56686627
0.02395210
0.08782435
0.97205589
0.36327345
0.67065868
0.24351297
0.96606786
0.92814371
0.97205589
0.36526946
0.96806387
0.96606786
0.88023952
0.95209581
0.96407186
0.08383234
0.93812375
0.92614770
0.97804391
0.06586826
0.95209581
0.97205589
0.95409182
0.98003992
0.14171657
0.97405190
0.98203593
0.31736527
0.92614770
0.42115768
0.95808383
0.94610778
0.93213573
0.90019960
0.92415170
0.44311377
0.22954092
0.01796407
0.97604790
0.79840319
0.02395210
0.37125749
0.42914172
0.48502994
0.07385230
0.95209581
0.12375250
0.94810379
0.93612774
0.97005988
0.95209581
0.17764471
0.97005988
0.97205589
0.97005988
0.95608782
0.79241517
0.90818363
0.92015968
0.97005988
0.13572854
0.97405190
0.16766467
0.00199601
0.25548902
0.20558882
0.35728543
0.17764471
0.97005988
0.69660679
0.95608782
0.96606786
0.94011976
0.22554890
0.96007984
0.96606786
0.04191617
0.60878244
0.93413174
0.94411178
0.97405190
0.94011976
0.38922156
0.96806387
0.24151697
0.94610778
0.54291417
0.46307385
0.86427146
0.95808383
0.89021956
0.95608782
0.97604790
0.95409182
0.96407186
0.94211577
0.96007984
0.94411178
0.92814371
0.04790419
0.96207585
0.22355289
0.47105788
0.95608782
0.88622754
0.64271457
0.93612774
0.43113772
0.92814371
0.98203593
0.94211577
0.49101796
0.98003992
0.97604790
0.96407186
0.18762475
0.90618762
0.96606786
0.94610778
0.97205589
0.98203593
0.00798403
0.13772455
0.96007984
0.50299401
0.96207585
0.97804391
0.98203593
0.12974052
0.07185629
0.96407186
0.96407186
0.06786427
0.78443114
0.97405190
0.30938124
0.95209581
0.02594810
0.94610778
0.41716567
0.95409182
0.96007984
0.94810379
0.97205589
0.96007984
0.96007984
0.16367265
0.86427146
0.21357285
0.97005988
0.36526946
0.96007984
0.81636727
0.96207585
0.97604790
0.95608782
0.54690619
0.93812375
0.20958084
0.98003992
0.62874251
0.56886228
0.94810379
0.75848303
0.07784431
0.96407186
0.96606786
0.96007984
0.98403194
0.96606786
0.12774451
0.97405190
0.44111776
0.96407186
0.48103792
0.04990020
0.97804391
0.44910180
0.94610778
0.96606786
0.86626747
0.96806387
0.51896208
0.93413174
0.91816367
0.96806387
0.83832335
0.95209581
0.50698603
0.94011976
0.96007984
0.97604790
0.96007984
0.95808383
0.97804391
0.68263473
0.92015968
0.78642715
0.32135729
0.24550898
0.12774451
0.89021956
0.96007984
0.96407186
0.94011976
0.95409182
0.97405190
0.97804391
0.89620758
0.96007984
0.95209581
0.28742515
0.03992016
0.95009980
0.95608782
0.09980040
0.94610778
0.01996008
0.95608782
0.97005988
0.96606786
0.18363273
0.95409182
0.05988024
0.95409182
0.46706587
0.94211577
0.94211577
0.96806387
0.18163673
0.37924152
0.12774451
