0.03193613
0.62275449
0.58483034
0.86427146
0.46706587
0.18363273
0.35329341
0.10778443
0.28143713
0.74251497
0.73053892
0.12574850
0.71856287
0.46906188
0.25748503
0.17365269
0.45309381
0.62674651
0.70259481
0.27744511
0.52095808
0.59680639
0.11776447
0.49301397
0.37724551
0.77445110
0.57884232
0.40718563
0.01197605
0.07984032
0.42115768
0.43113772
0.25948104
0.65469062
0.57085828
0.49900200
0.85628743
0.08782435
0.47504990
0.18962076
0.51896208
0.54491018
0.38123752
0.64071856
0.14770459
0.14171657
0.22754491
0.72854291
0.59481038
0.59880240
0.54890220
0.69061876
0.12774451
0.54890220
0.36127745
0.03393214
0.24151697
0.92415170
0.36127745
0.57285429
0.61277445
0.02395210
0.62075848
0.82435130
0.75848303
0.33532934
0.96207585
0.81437126
0.58283433
0.76646707
0.73453094
0.14970060
0.91017964
0.19161677
0.56087824
0.25748503
0.48303393
0.83233533
0.01397206
0.41716567
0.67864271
0.55888224
0.79441118
0.23752495
0.24950100
0.73652695
0.26946108
0.58483034
0.49700599
0.10778443
0.21357285
0.57684631
0.79840319
0.49301397
0.54690619
0.41516966
0.02594810
0.76846307
0.53093812
0.11776447
0.79640719
0.44910180
0.17365269
0.24351297
0.38522954
0.43912176
0.30738523
0.28942116
0.54690619
0.90618762
0.73253493
0.64271457
0.36726547
0.46906188
0.01596806
0.52495010
0.30139721
0.18562874
0.59081836
0.97405190
0.09780439
0.12375250
0.77644711
0.09381238
0.55489022
0.92614770
0.19161677
0.72255489
0.84231537
0.73253493
0.37325349
0.75848303
0.71457086
0.59281437
0.11377246
0.89421158
0.03992016
0.17564870
0.27345309
0.41916168
0.55489022
0.84031936
0.20758483
0.80239521
0.00998004
0.90618762
0.32734531
0.48502994
0.28942116
0.35329341
0.87025948
0.50698603
0.53892216
0.32534930
0.74051896
0.23552894
0.18762475
0.66267465
0.51097804
0.90419162
0.68862275
0.04590818
0.57085828
0.67065868
0.69660679
0.56087824
0.17764471
0.07385230
0.71257485
0.72255489
0.89221557
0.35528942
0.38522954
0.45508982
0.48702595
0.68862275
0.13772455
0.20558882
0.48303393
0.12175649
0.18962076
0.63672655
0.84630739
0.51297405
0.55289421
0.40518962
0.63473054
0.46706587
0.26147705
0.59481038
0.27345309
0.75049900
0.71057884
0.62874251
0.43712575
0.37524950
0.40518962
0.76846307
0.78243513
0.71457086
0.04590818
0.26147705
0.44910180
0.40918164
0.27145709
0.50499002
0.27944112
0.40319361
0.75848303
0.49500998
0.04391218
0.10179641
0.33333333
0.60878244
0.79840319
0.50099800
0.85029940
0.24950100
0.19960080
0.55089820
0.37524950
0.01596806
0.89021956
0.69461078
0.14770459
0.50698603
0.49301397
0.10978044
0.43313373
0.16367265
0.70459082
0.53293413
0.17764471
0.18762475
0.02794411
0.69860279
0.17764471
0.37325349
0.24550898
0.54491018
0.24550898
0.69061876
0.74251497
0.23752495
0.84830339
0.46307385
0.41117764
0.19560878
0.84830339
0.62674651
0.47504990
0.16766467
0.33932136
0.26147705
0.23752495
0.34530938
0.26147705
0.42714571
0.07984032
0.07984032
0.41516966
0.15169661
0.83233533
0.32734531
0.01397206
0.05588822
0.16566866
0.71257485
0.78642715
0.24550898
0.83033932
0.63073852
0.01596806
0.58682635
0.34331337
0.10778443
0.10179641
0.24151697
0.23752495
0.22954092
0.35528942
0.34331337
0.72055888
0.41916168
0.37325349
0.56087824
0.21556886
0.23153693
0.02395210
0.03992016
0.23752495
0.20159681
0.33732535
0.32335329
0.02794411
0.72654691
0.69061876
0.72455090
0.59880240
0.14171657
0.37924152
0.24750499
0.80439122
0.66267465
0.69860279
0.58882236
0.58483034
0.86427146
0.64471058
0.43912176
0.01796407
0.87624750
0.66866267
0.89021956
0.00798403
0.72455090
0.68263473
0.77644711
0.77245509
0.16566866
0.19760479
0.86427146
0.26746507
0.27744511
0.22554890
0.61077844
0.77644711
0.14371257
0.87624750
0.04790419
0.25948104
0.23353293
0.83033932
0.52295409
0.02594810
0.55089820
0.33532934
0.87025948
0.16566866
0.56886228
0.11377246
0.11576846
0.26147705
0.60678643
0.35528942
0.44910180
0.05588822
0.20159681
0.45708583
0.56487026
0.32135729
0.48502994
0.42914172
0.12774451
0.30738523
0.93213573
0.20159681
0.46906188
0.03592814
0.66467066
0.68063872
0.50499002
0.00598802
0.93013972
0.04790419
0.06586826
0.78443114
0.44111776
0.69461078
0.23552894
0.38722555
0.57085828
0.64071856
0.58283433
0.43313373
0.18163673
0.61077844
0.21357285
0.21157685
0.09381238
0.51696607
0.86626747
0.49101796
0.01397206
0.08582834
0.35129741
0.93213573
0.62475050
0.54491018
0.73652695
0.15568862
0.66067864
0.41716567
0.27744511
0.56686627
0.55888224
0.49500998
0.27345309
0.55289421
0.69461078
0.47305389
0.20958084
0.05588822
0.07385230
0.60079840
0.35928144
0.77045908
0.00798403
0.22355289
0.21357285
0.50898204
0.19960080
0.40119760
0.13373253
0.86626747
0.34331337
0.46506986
0.73652695
0.59081836
0.00598802
0.25548902
0.25349301
0.80439122
0.15568862
0.15169661
0.36127745
0.40319361
0.80439122
0.60279441
0.65269461
0.07185629
0.19560878
0.56686627
0.90818363
0.20958084
0.81437126
0.49500998
0.60878244
0.49301397
0.53892216
0.00199601
0.09381238
0.22554890
0.16966068
0.16566866
0.45908184
0.96806387
0.41117764
0.33532934
0.02794411
0.18562874
0.70059880
0.48103792
0.78243513
0.71856287
0.29141717
0.14371257
0.02195609
0.78243513
0.18762475
0.01596806
0.63073852
0.53692615
0.45309381
0.83233533
0.73652695
0.67065868
0.73253493
0.46307385
0.48502994
0.96806387
0.52295409
0.37524950
0.56686627
0.82035928
0.25948104
0.42315369
0.17964072
0.58283433
0.16966068
0.63273453
0.15169661
0.00598802
0.74850299
0.65269461
0.48702595
0.32734531
0.73253493
0.22554890
0.60878244
0.22754491
0.41117764
0.42914172
0.03193613
0.69860279
0.27944112
0.43313373
0.41716567
0.50499002
0.62674651
0.45309381
0.70059880
0.05389222
0.22954092
0.17964072
0.60678643
0.89820359
0.20359281
0.63073852
0.55289421
0.91417166
0.44510978
0.14970060
0.67065868
0.69860279
0.67065868
0.07584830
0.66866267
0.33932136
0.70459082
0.47504990
0.98203593
0.50099800
0.25349301
0.69061876
0.69061876
0.54291417
0.71257485
0.38522954
0.11177645
0.16566866
0.12774451
0.69061876
0.86027944
0.39720559
0.32734531
0.07784431
0.32534930
0.61876248
0.21157685
0.38123752
0.81437126
0.81636727
0.11377246
0.71257485
0.28542914
0.77445110
0.39720559
0.46107784
0.84431138
0.61277445
0.80239521
0.91417166
0.00798403
0.11976048
0.83433134
0.05189621
0.09980040
0.80439122
0.50698603
0.27145709
0.44910180
0.23353293
0.02395210
0.10379242
0.09381238
0.02594810
0.44910180
0.57085828
0.87225549
0.62874251
0.20159681
0.70658683
0.30538922
0.64471058
0.72654691
0.33932136
0.85429142
0.39520958
0.74051896
0.79241517
0.63473054
0.79840319
0.88423154
0.46906188
0.43113772
0.63672655
0.18962076
0.34730539
0.44710579
0.25349301
0.45309381
0.03592814
0.80838323
0.68063872
0.05389222
0.70858283
0.90618762
0.74850299
0.51896208
0.89021956
0.88822355
0.94810379
0.65269461
0.14970060
0.09181637
0.03393214
0.14970060
0.52495010
0.44510978
0.15568862
0.91017964
0.08183633
0.56287425
0.57884232
0.27345309
0.38722555
0.52095808
0.09580838
0.06986028
0.23353293
0.30738523
0.26946108
0.24750499
0.65269461
0.09780439
0.60878244
0.71457086
0.00998004
0.03393214
0.50299401
0.27944112
0.16566866
0.77644711
0.23153693
0.33133733
0.16167665
0.73652695
0.04990020
0.99999900
0.35528942
0.47504990
0.03792415
0.78043912
0.75249501
0.08183633
0.47704591
0.74650699
0.79041916
0.51896208
0.75049900
0.90419162
0.27544910
0.39321357
0.09381238
0.50299401
0.43712575
0.12974052
0.57485030
0.95409182
0.23952096
0.17365269
0.67265469
0.45708583
0.65469062
0.89620758
0.22155689
0.68662675
0.09980040
0.62874251
0.88423154
0.24151697
0.23153693
0.28143713
0.74251497
0.98802395
0.70858283
0.75249501
0.49301397
0.22155689
0.37724551
0.20758483
0.72654691
0.61876248
0.00598802
0.05389222
0.14371257
0.08383234
0.60079840
0.84830339
0.69061876
0.81836327
0.76047904
0.56487026
0.36926148
0.27345309
0.68263473
0.06387226
0.01796407
0.54690619
0.39321357
0.54291417
0.07185629
0.36127745
0.83033932
0.40119760
0.25349301
0.89820359
0.00598802
0.39720559
0.64271457
0.61876248
0.48103792
0.07584830
0.37125749
0.20558882
0.58483034
0.84630739
0.09181637
0.47904192
0.82834331
0.30538922
0.50099800
0.36127745
0.58283433
0.52095808
0.14970060
0.86826347
0.94211577
0.53293413
0.55888224
0.12175649
0.60878244
0.28742515
0.76247505
0.03193613
0.16566866
0.77844311
0.40518962
0.23752495
0.38123752
0.71257485
0.23153693
0.28942116
0.54690619
0.49500998
0.59481038
0.42315369
0.13373253
0.32335329
0.05189621
0.55688623
0.25548902
0.44910180
0.56287425
0.09780439
0.74650699
0.44710579
0.84830339
0.70658683
0.46906188
0.61077844
0.98403194
0.99600798
0.13373253
0.27345309
0.97804391
0.30139721
0.78642715
0.38922156
0.07385230
0.09580838
0.93612774
0.42514970
0.62075848
0.58682635
0.99800399
0.38722555
0.19161677
0.81237525
0.40718563
0.80239521
0.87824351
0.25149701
0.87824351
0.31736527
0.30938124
0.14171657
0.45908184
0.27544910
0.48902196
0.29740519
0.44111776
0.11377246
0.27944112
0.46706587
0.43712575
0.10978044
0.69461078
0.67664671
0.39720559
0.00199601
0.51696607
0.19960080
0.24750499
0.17964072
0.52894212
0.30538922
0.37524950
0.84830339
0.30938124
0.48902196
0.52694611
0.09780439
0.58483034
0.82235529
0.20159681
0.57485030
0.91616766
0.13772455
0.84630739
0.44910180
0.14371257
0.49301397
0.87225549
0.58083832
0.22155689
0.91217565
0.22754491
0.34131737
0.24351297
0.00998004
0.71257485
0.53692615
0.51497006
0.21556886
0.50499002
0.58283433
0.10179641
0.78243513
0.27345309
0.24351297
0.73852295
0.75449102
0.29540918
0.45109780
0.25548902
0.61876248
0.31337325
0.84830339
0.19361277
0.70259481
0.07385230
0.36726547
0.12574850
0.00798403
0.57485030
0.51497006
0.22754491
0.60678643
0.62475050
0.63073852
0.53692615
0.81636727
0.48702595
0.73453094
0.07784431
0.55688623
0.79241517
0.68263473
0.11377246
0.48103792
0.51097804
0.06786427
0.38922156
0.16966068
0.78043912
0.97205589
0.69461078
0.48502994
0.00998004
0.46506986
0.07984032
0.99401198
0.52095808
0.91417166
0.81636727
0.96007984
0.84231537
0.63872255
0.06786427
0.14570858
0.09580838
0.63473054
0.50099800
0.42315369
0.03592814
0.68662675
0.87225549
0.53692615
0.31337325
0.95608782
0.33732535
0.67265469
0.57285429
0.20558882
0.83233533
0.42514970
0.09580838
0.28343313
0.65469062
0.48303393
0.63872255
0.23752495
0.99001996
0.18163673
0.18562874
0.99800399
0.50499002
0.85628743
0.89221557
0.07185629
0.58283433
0.94610778
0.20159681
0.42115768
0.78842315
0.53692615
0.38522954
0.38922156
0.49101796
0.36127745
0.92015968
0.49700599
0.21556886
0.86227545
0.01996008
0.58882236
0.52694611
0.81836327
0.15768463
0.15369261
0.78043912
0.14570858
0.44510978
0.31137725
0.82435130
0.59880240
0.84231537
0.13173653
0.70858283
0.43313373
0.51696607
0.05788423
0.06586826
0.71656687
0.71856287
0.75648703
0.78043912
0.05389222
0.41916168
0.48103792
0.24750499
0.59481038
0.42115768
0.70259481
0.00798403
0.69461078
0.12574850
0.48702595
0.78243513
0.75449102
0.37724551
0.99800399
0.44111776
0.21556886
0.13572854
0.43512974
0.48502994
0.10578842
0.45508982
0.67465070
0.66267465
0.02395210
0.84830339
0.26546906
0.87225549
0.57085828
0.70858283
0.23153693
0.62475050
0.18962076
0.52095808
0.02594810
0.85229541
0.31536926
0.90219561
0.60279441
0.40119760
0.15768463
