0.01397206
0.00199601
0.06187625
0.00998004
0.00199601
0.04990020
0.14770459
0.00598802
0.01796407
0.38722555
0.01397206
0.02195609
0.00798403
0.11776447
0.01197605
0.00998004
0.29141717
0.24151697
0.00399202
0.00399202
0.00399202
0.00199601
0.02395210
0.01596806
0.00199601
0.00399202
0.49101796
0.00998004
0.22754491
0.01197605
0.29740519
0.00598802
0.27544910
0.00998004
0.00399202
0.00199601
0.31137725
0.00998004
0.00199601
0.00598802
0.10379242
0.00199601
0.02994012
0.00399202
0.01397206
0.37125749
0.07185629
0.01197605
0.00399202
0.00798403
0.00199601
0.36327345
0.00798403
0.02594810
0.01996008
0.00399202
0.00199601
0.01596806
0.00199601
0.02794411
0.09181637
0.20359281
0.08183633
0.26147705
0.01397206
0.35129741
0.47704591
0.01197605
0.01796407
0.01596806
0.35528942
0.24351297
0.01796407
0.02594810
0.18363273
0.33532934
0.00798403
0.00998004
0.00998004
0.04990020
0.00399202
0.00199601
0.00798403
0.01596806
0.01796407
0.00199601
0.00199601
0.00199601
0.02195609
0.03592814
0.01996008
0.00798403
0.00598802
0.01397206
0.00199601
0.02195609
0.00399202
0.00399202
0.11776447
0.00598802
0.00598802
0.00598802
0.02195609
0.00399202
0.00399202
0.55688623
0.01397206
0.62475050
0.61477046
0.00399202
0.25548902
0.00598802
0.00798403
0.02794411
0.01596806
0.06786427
0.01596806
0.00399202
0.00199601
0.01796407
0.62475050
0.00998004
0.00998004
0.01596806
0.01197605
0.01397206
0.01197605
0.00798403
0.32934132
0.00798403
0.00199601
0.00598802
0.00399202
0.00798403
0.01197605
0.46906188
0.00399202
0.00199601
0.91217565
0.07984032
0.49101796
0.14171657
0.00798403
0.00199601
0.84231537
0.00598802
0.00998004
0.00399202
0.02994012
0.01596806
0.00399202
0.00998004
0.02794411
0.10578842
0.00598802
0.00998004
0.00998004
0.39920160
0.00399202
0.00598802
0.06986028
0.00399202
0.09181637
0.00399202
0.10978044
0.03393214
0.00998004
0.00199601
0.07185629
0.00598802
0.00998004
0.00399202
0.00798403
0.00798403
0.00199601
0.00199601
0.01796407
0.00199601
0.25349301
0.00798403
0.01596806
0.00399202
0.15768463
0.00998004
0.00399202
0.00399202
0.00399202
0.01596806
0.00998004
0.00598802
0.00798403
0.02994012
0.00399202
0.01796407
0.31337325
0.16966068
0.08982036
0.00598802
0.08582834
0.00998004
0.02395210
0.00998004
0.00199601
0.00399202
0.00598802
0.00399202
0.00199601
0.07385230
0.00798403
0.44910180
0.00199601
0.00199601
0.07584830
0.29341317
0.01197605
0.29740519
0.22954092
0.02594810
0.02994012
0.00199601
0.00399202
0.02994012
0.00199601
0.47105788
0.00199601
0.27744511
0.02195609
0.10778443
0.00998004
0.02594810
0.01596806
0.00598802
0.09580838
0.13373253
0.10179641
0.01796407
0.20558882
0.03992016
0.01996008
0.00998004
0.18762475
0.21357285
0.00399202
0.01397206
0.00199601
0.00798403
0.01596806
0.00399202
0.44710579
0.08982036
0.00199601
0.00199601
0.00199601
0.15768463
0.01596806
0.01596806
0.33732535
0.00798403
0.00199601
0.02195609
0.05189621
0.00399202
0.01397206
0.05389222
0.00598802
0.00998004
0.49301397
0.08982036
0.01596806
0.01796407
0.13373253
0.08582834
0.00598802
0.00798403
0.00199601
0.07385230
0.00798403
0.30738523
0.09181637
0.02994012
0.00199601
0.16766467
0.01197605
0.00598802
0.39920160
0.00199601
0.00598802
0.24151697
0.00598802
0.02794411
0.00399202
0.04191617
0.00199601
0.00998004
0.00798403
0.01796407
0.01197605
0.00199601
0.00199601
0.00399202
0.68862275
0.00598802
0.00399202
0.17764471
0.00399202
0.00998004
0.17564870
0.00798403
0.00199601
0.21756487
0.05389222
0.00798403
0.00598802
0.00598802
0.00399202
0.01197605
0.01996008
0.01796407
0.00598802
0.02994012
0.02395210
0.05788423
0.22754491
0.01397206
0.34930140
0.00598802
0.00399202
0.00199601
0.00199601
0.00199601
0.02195609
0.00199601
0.01397206
0.30938124
0.01197605
0.00399202
0.02195609
0.00598802
0.00399202
0.00199601
0.01197605
0.01996008
0.10578842
0.54091816
0.00998004
0.00199601
0.00199601
0.13173653
0.04191617
0.01397206
0.06586826
0.00399202
0.00798403
0.02594810
0.05588822
0.01397206
0.03193613
0.24351297
0.00199601
0.00399202
0.00399202
0.00598802
0.33333333
0.00399202
0.00399202
0.02395210
0.01596806
0.00399202
0.02994012
0.02794411
0.00399202
0.00199601
0.01596806
0.16167665
0.00199601
0.29940120
0.08183633
0.00199601
0.00199601
0.00798403
0.05788423
0.00798403
0.03193613
0.01796407
0.01796407
0.47105788
0.32335329
0.00399202
0.00199601
0.00798403
0.84231537
0.16966068
0.00399202
0.00199601
0.00199601
0.00399202
0.01796407
0.00798403
0.00598802
0.00199601
0.00199601
0.01197605
0.00798403
0.00199601
0.00199601
0.12974052
0.51097804
0.04391218
0.00598802
0.01596806
0.00199601
0.00199601
0.00199601
0.04391218
0.39121756
0.00998004
0.00199601
0.00399202
0.17764471
0.00199601
0.03792415
0.00798403
0.01596806
0.00598802
0.00199601
0.00598802
0.00798403
0.13373253
0.18562874
0.00399202
0.00998004
0.03193613
0.00399202
0.01197605
0.46506986
0.00598802
0.01996008
0.15369261
0.11776447
0.09580838
0.00199601
0.01197605
0.00199601
0.16766467
0.00199601
0.08982036
0.01596806
0.07385230
0.01996008
0.35928144
0.01596806
0.00998004
0.00399202
0.14171657
0.01397206
0.00798403
0.09580838
0.00798403
0.00998004
0.04391218
0.01596806
0.00199601
0.00598802
0.00199601
0.28143713
0.00998004
0.01796407
0.06986028
0.00199601
0.00798403
0.01197605
0.03193613
0.00998004
0.00199601
0.00598802
0.00199601
0.00798403
0.17564870
0.00798403
0.00598802
0.00199601
0.02395210
0.01596806
0.00399202
0.00399202
0.00798403
0.01397206
0.40119760
0.00399202
0.00598802
0.11377246
0.00199601
0.03992016
0.01596806
0.49700599
0.00798403
0.18562874
0.00998004
0.26546906
0.00598802
0.07984032
0.21756487
0.02594810
0.00199601
0.00998004
0.00199601
0.01397206
0.19161677
0.03792415
0.06986028
0.00399202
0.00798403
0.09181637
0.00598802
0.00399202
0.01197605
0.01596806
0.00199601
0.01596806
0.20958084
0.04391218
0.00598802
0.00399202
0.00199601
0.00199601
0.00998004
0.00399202
0.09780439
0.79041916
0.00399202
0.01596806
0.20159681
0.00598802
0.02195609
0.00199601
0.00199601
0.00798403
0.00798403
0.03193613
0.01197605
0.00399202
0.00798403
0.00598802
0.00199601
0.42914172
0.05988024
0.00199601
0.01397206
0.21357285
0.24750499
0.00199601
0.15568862
0.42115768
0.00199601
0.23353293
0.00399202
0.00399202
0.65668663
0.27744511
0.39920160
0.00399202
0.00798403
0.01996008
0.00598802
0.00798403
0.04790419
0.01796407
0.08183633
0.28742515
0.23952096
0.00399202
0.00399202
0.00399202
0.16766467
0.02594810
0.01397206
0.48702595
0.26347305
0.02395210
0.02994012
0.00798403
0.01996008
0.00399202
0.48103792
0.58483034
0.00798403
0.00399202
0.00998004
0.00598802
0.01397206
0.07185629
0.00598802
0.01197605
0.00798403
0.22754491
0.02195609
0.00199601
0.01197605
0.57085828
0.27944112
0.00598802
0.28143713
0.00798403
0.01397206
0.00199601
0.01796407
0.01197605
0.07984032
0.00598802
0.07584830
0.01596806
0.31137725
0.00399202
0.00199601
0.00798403
0.00798403
0.00598802
0.00598802
0.17165669
0.16367265
0.01596806
0.03193613
0.00399202
0.01397206
0.00199601
0.04990020
0.00199601
0.00798403
0.35928144
0.06786427
0.00399202
0.46906188
0.02195609
0.00598802
0.01796407
0.00998004
0.00798403
0.00598802
0.01397206
0.39520958
0.26746507
0.00798403
0.01596806
0.00598802
0.01796407
0.00399202
0.03193613
0.15568862
0.01596806
0.04590818
0.00598802
0.01796407
0.01197605
0.55489022
0.01996008
0.00598802
0.00199601
0.19161677
0.00199601
0.01397206
0.01996008
0.01996008
0.00798403
0.00598802
0.00598802
0.00399202
0.02395210
0.31337325
0.01796407
0.00199601
0.00598802
0.01197605
0.04391218
0.00399202
0.14171657
0.01596806
0.01796407
0.00199601
0.21756487
0.50299401
0.00199601
0.73053892
0.00399202
0.01397206
0.01796407
0.01197605
0.00998004
0.31736527
0.00399202
0.00199601
0.00998004
0.48902196
0.00598802
0.00199601
0.01796407
0.39720559
0.07185629
0.01397206
0.00199601
0.00598802
0.00598802
0.00199601
0.00598802
0.23752495
0.00199601
0.00199601
0.54091816
0.00998004
0.00598802
0.00199601
0.00798403
0.00998004
0.01596806
0.02594810
0.00199601
0.00199601
0.00399202
0.02794411
0.00399202
0.00399202
0.01197605
0.39520958
0.30738523
0.31337325
0.00199601
0.14371257
0.00399202
0.02994012
0.00998004
0.26347305
0.00399202
0.07784431
0.14770459
0.00399202
0.01596806
0.00399202
0.00199601
0.02195609
0.14171657
0.06187625
0.00598802
0.01397206
0.14371257
0.01197605
0.00998004
0.00199601
0.14970060
0.11576846
0.00199601
0.01796407
0.00998004
0.09181637
0.00199601
0.00199601
0.13972056
0.22554890
0.00199601
0.01796407
0.02195609
0.42914172
0.06387226
0.00598802
0.43512974
0.62075848
0.18363273
0.00598802
0.01197605
0.01996008
0.12774451
0.01596806
0.00399202
0.02395210
0.02594810
0.02195609
0.00399202
0.00199601
0.51297405
0.01796407
0.00199601
0.01197605
0.00998004
0.41317365
0.01197605
0.17964072
0.00598802
0.07784431
0.00798403
0.31936128
0.10978044
0.00798403
0.00199601
0.00199601
0.31536926
0.01197605
0.01996008
0.00399202
0.00199601
0.42315369
0.00199601
0.10179641
0.00199601
0.00199601
0.00199601
0.01996008
0.00998004
0.04790419
0.01796407
0.00998004
0.27744511
0.12974052
0.71057884
0.00798403
0.00598802
0.00199601
0.00998004
0.00798403
0.00199601
0.00798403
0.00798403
0.01397206
0.03393214
0.00798403
0.00998004
0.00199601
0.25548902
0.00199601
0.04790419
0.01197605
0.32934132
0.00598802
0.01596806
0.05189621
0.01397206
0.03193613
0.01596806
0.02794411
0.00798403
0.09580838
0.00199601
0.00598802
0.00199601
0.00399202
0.01596806
0.02195609
0.40518962
0.02994012
0.04790419
0.08982036
0.00399202
0.00199601
0.01596806
0.09580838
0.01996008
0.00199601
0.02594810
0.37125749
0.00998004
0.00399202
0.01197605
0.00399202
0.01996008
0.00598802
0.31536926
0.30139721
0.00399202
0.00399202
0.12175649
0.21357285
0.00399202
0.01596806
0.01197605
0.16367265
0.10379242
0.00798403
0.00199601
0.02395210
0.00399202
0.01197605
0.12574850
0.01596806
0.00798403
0.00399202
0.10179641
0.01996008
0.00199601
0.01596806
0.00199601
0.01197605
0.01596806
0.06786427
0.02195609
0.00798403
0.01197605
0.23353293
0.01197605
0.01397206
0.04990020
0.00798403
0.00399202
0.01796407
0.30738523
0.01397206
0.23153693
0.01197605
0.00399202
0.08183633
0.00399202
0.01796407
0.00199601
0.00399202
0.00199601
0.00199601
0.00199601
0.05588822
0.01197605
0.02395210
0.01796407
0.27544910
0.02195609
0.00399202
0.19161677
0.00199601
0.00998004
0.01397206
0.00399202
0.05389222
0.01796407
0.00199601
0.46706587
0.30938124
0.00399202
0.00598802
0.00998004
0.00399202
0.00199601
0.00598802
0.35528942
0.00598802
0.00798403
0.00399202
0.02794411
0.00199601
0.01796407
0.26546906
0.00798403
0.01996008
0.00598802
0.00399202
0.27944112
0.01397206
0.49900200
0.06586826
0.00199601
0.00399202
0.01397206
0.00998004
0.01596806
0.00199601
0.20359281
0.00598802
0.00199601
0.08582834
0.00399202
0.11576846
0.00199601
0.07784431
0.00798403
0.02195609
0.00199601
0.00199601
0.00399202
0.00598802
0.00399202
0.01197605
0.00598802
0.14770459
0.00598802
0.00399202
0.01197605
0.01397206
0.29341317
0.26147705
0.00798403
0.14770459
0.00399202
0.05389222
0.00798403
0.07385230
0.00199601
0.04191617
0.20558882
0.20958084
0.05988024
0.00998004
0.00598802
0.00199601
0.01197605
0.01397206
0.02594810
0.26946108
