0.50456635
0.43766688
0.67200117
0.37585137
0.35890387
0.00000100
0.33858561
0.08044710
0.34970954
0.31427714
0.03564549
0.37381305
0.05654571
0.12211405
0.39919572
0.05634480
0.35898395
0.18185333
0.13075132
0.58479186
0.20960352
0.00764879
0.90854433
0.86421726
0.72587196
0.21378854
0.94663268
0.16997182
0.70865120
0.15284251
0.58886145
0.31655834
0.06026197
0.12644381
0.37558485
0.78946604
0.12113005
0.32938683
0.15317357
0.29673539
0.68642780
0.12171784
0.20896044
0.78587273
0.57513427
0.46844250
0.58493684
0.09859212
0.71396518
0.09359149
0.44530641
0.51085559
0.68961778
0.60203707
0.06627112
0.52755712
0.47915409
0.44961442
0.06077840
0.06995078
0.77741586
0.64825647
0.08950987
0.00000100
0.11985153
0.20497561
0.16092657
0.16292454
0.43291043
0.04156341
0.99451121
0.47081391
0.72068597
0.05201305
0.81026536
0.57848044
0.00000100
0.14424713
0.08199982
0.66186405
0.56394522
0.28944187
0.27712381
0.66787266
0.58771135
0.45239521
0.74754546
0.88518179
0.00147276
0.86575212
0.06620228
0.38551218
0.48313980
0.06693401
0.45563563
0.12744445
0.81995956
0.04524430
0.06141485
0.21940471
0.78352496
0.06141812
0.14594208
0.50345768
0.80312537
0.36822502
0.65719220
0.88605655
0.02221446
0.11911644
0.74682913
0.08299604
0.12896799
0.00692428
0.32821587
0.41063740
0.28281343
0.33924201
0.07196128
0.11323732
0.21298228
0.56381136
0.21961974
0.37653484
0.52686623
0.07555953
0.31039962
0.78511664
0.07530857
0.50668455
0.55071793
0.05882184
0.03409082
0.11007349
0.01103893
0.00477684
0.41646388
0.37079943
0.96060741
0.23155486
0.72071072
0.61145386
0.00556787
0.00477997
0.64147078
0.83818442
0.11703093
0.12509653
0.50017066
0.42758437
0.75867272
0.88086092
0.58177041
0.17656182
0.43726925
0.28185014
0.09998131
0.67081551
0.00478670
0.51607570
0.28860001
0.08582452
0.06848459
0.71270372
0.38348864
0.20988854
0.38460729
0.77161280
0.97287426
0.27209873
0.40034519
0.68128183
0.60492034
0.60128046
0.26480070
0.52381835
0.43173679
0.26549949
0.00000100
0.27530376
0.11101586
0.18289716
0.55016589
0.81444133
0.42489486
0.00164553
0.05139732
0.08938015
0.00000100
0.13103778
0.45334200
0.95904825
0.85794701
0.34890679
0.60051726
0.90339717
0.03696578
0.21591232
0.22431056
0.30670817
0.61839852
0.00413278
0.32786121
0.49426802
0.65605612
0.60451680
0.37135225
0.70164872
0.16228040
0.03656896
0.18198260
0.02438955
0.66834471
0.98620796
0.34580270
0.58794061
0.44951563
0.35106762
0.00000100
0.37608908
0.25363309
0.82807568
0.18597575
0.85189735
0.38541561
0.53117537
0.16848391
0.93285707
0.15618823
0.28961182
0.09928124
0.84786278
0.48152780
0.49372970
0.05242457
0.05506279
0.59162521
0.03507197
0.00131391
0.83595889
0.37241964
0.99864217
0.59581600
0.34055614
0.33718654
0.55493241
0.12497273
0.23663456
0.89120989
0.32291171
0.84225284
0.69959914
0.70398786
0.48384332
0.44619079
0.67399151
0.50113535
0.74364298
0.79963966
0.01654753
0.68195918
0.37620665
0.04748029
0.40862345
0.31818114
0.75157906
0.12066717
0.51716589
0.79482643
0.80413621
0.00182627
0.06698146
0.42546082
0.04654621
0.60242024
0.08839781
0.48283442
0.71897536
0.10744045
0.04675123
0.00642793
0.17180296
0.03913336
0.56198227
0.12654549
0.45188973
0.61717581
0.15415689
0.50921150
0.52931532
0.02407615
0.07531876
0.65569097
0.13629029
0.12249190
0.68557201
0.31605393
0.46772901
0.11328470
0.55203777
0.55874938
0.97016290
0.31609656
0.17428062
0.40716248
0.01593711
0.42989041
0.58702026
0.32575165
0.40906051
0.70408390
0.12799450
0.35909975
0.26284577
0.67941796
0.09407519
0.43242332
0.07450226
0.77450350
0.35084384
0.82824850
0.28247647
0.53485795
0.08659587
0.30258375
0.94789684
0.14937369
0.97751409
0.66633900
0.79098297
0.84334374
0.74386955
0.15186543
0.73705048
0.48760846
0.29899579
0.99734626
0.99354705
0.20829687
0.57829819
0.03852186
0.55287293
0.09875443
0.01472314
0.10780777
0.31287282
0.82750248
0.78675619
0.41142290
0.04362615
0.49968247
0.09326905
0.01554286
0.09233986
0.78482867
0.92607410
0.36356144
0.59351366
0.69417715
0.86626106
0.98669538
0.26281857
0.10078638
0.20584843
0.57311143
0.11590382
0.26199852
0.59330674
0.48012338
0.30481663
0.26988069
0.29696643
0.31726363
0.10756064
0.57598027
0.66424399
0.45486050
0.05266791
0.98876029
0.26050490
0.96914454
0.67752913
0.06302953
0.10643340
0.38434938
0.54292587
0.59043225
0.27839319
0.06653179
0.91827853
0.60152473
0.15044439
0.27356458
0.13503685
0.43369011
0.49484308
0.05917295
0.02790047
0.04552722
0.13015206
0.35010578
0.96589170
0.21643249
0.02325960
0.33508280
0.86588825
0.71889846
0.00567042
0.16850259
0.36763521
0.05139150
0.77487612
0.00216299
0.30132744
0.13877334
0.56066847
0.01904303
0.67066132
0.70948881
0.60023841
0.57711852
0.81815207
0.70121295
0.99663126
0.02769871
0.00000100
0.06176019
0.01669434
0.24030774
0.94301260
0.52837459
0.18590148
0.05943900
0.68224498
0.08968269
0.01208500
0.79673284
0.58901480
0.32941604
0.01218698
0.95666914
0.60090141
0.50825786
0.37920326
0.30205017
0.63170885
0.83268333
0.67258386
0.86545536
0.27216213
0.17819525
0.11717829
0.00000100
0.28897657
0.03194596
0.88610792
0.92656589
0.99305283
0.47239451
0.01121491
0.56002148
0.02506883
0.30154808
0.05186668
0.47663328
0.00948234
0.77678720
0.21124459
0.99997307
0.42491302
0.95270869
0.18900728
0.42803860
0.40992112
0.36970011
0.79415689
0.52054755
0.61220821
0.22555545
0.27584797
0.04146030
0.03224131
0.75596104
0.31082619
0.38470715
0.24051288
0.44046476
0.25413386
0.37621136
0.30016319
0.33162494
0.38566325
0.01828090
0.29636555
0.41140150
0.26768745
0.10868378
0.34247213
0.45322747
0.17480975
0.26926272
0.65375730
0.62340511
0.38294289
0.86648394
0.26368163
0.00028790
0.55464146
0.57238369
0.20701670
0.60402959
0.15784132
0.71199851
0.17318651
0.28605203
0.28558281
0.39594806
0.66313629
0.24238895
0.60342770
0.43654141
0.14570884
0.22683227
0.03368925
0.02132867
0.48940173
0.05202146
0.33463019
0.02906360
0.21024893
0.00000100
0.59085672
0.24941421
0.03071484
0.22343574
0.26564284
0.55328150
0.66877552
0.23813897
0.47342819
0.77121948
0.42897408
0.74008988
0.18838285
0.99172471
0.77154128
0.98252296
0.15449703
0.04860789
0.02954205
0.23410272
0.18054316
0.58863092
0.54406273
0.01772368
0.06985287
0.04044919
0.40277520
0.73268358
0.99864982
0.92836224
0.03017983
0.12331571
0.36293825
0.15893442
0.18565226
0.11083955
0.46866825
0.89199577
0.58374232
0.29953179
0.10646196
0.38062677
0.27992308
0.21321156
0.28433670
0.83381224
0.37168033
0.18393235
0.94660848
0.33275450
0.05747700
0.15580807
0.12017725
0.48058517
0.19010284
0.04666689
0.01596990
0.52274895
0.17070386
0.24451420
0.20232990
0.05874836
0.90146584
0.87430390
0.80784601
0.98050332
0.04106064
0.39696100
0.32679915
0.13457636
0.18462733
0.32853417
0.83633354
0.63743813
0.97275502
0.14210744
0.11903219
0.14377382
0.05252114
0.35719261
0.00513945
0.23830804
0.07195455
0.51264026
0.09506929
0.55363670
0.67136000
0.49968392
0.22396627
0.63394230
0.92322628
0.24500529
0.65205710
0.09826096
0.42385673
0.36161326
0.55912661
0.05602172
0.02164558
0.09511876
0.32252223
0.07390656
0.39799888
0.18409839
0.58785890
0.12372981
0.77457375
0.62360158
0.30352160
0.70170061
0.99821223
0.44755818
0.74283027
0.13526220
0.11358398
0.93355956
0.01162052
0.18833847
0.27337221
0.16186223
0.28728063
0.05853884
0.26751507
0.83933726
0.78209142
0.69180473
0.22748195
0.31364496
0.43394567
0.17053625
0.97191267
0.00000150
0.92169174
0.96579120
0.46638115
0.44099040
0.29199389
0.12284791
0.74004006
0.03057818
0.76457219
0.26925486
0.32759295
0.18881648
0.05178802
0.65616278
0.46478927
0.10294153
0.39056345
0.56999562
0.52684647
0.60630096
0.01340835
0.15627905
0.16815723
0.09572461
0.39508799
0.58383820
0.46511809
0.44539609
0.43154468
0.47582329
0.03978393
0.18014287
0.41645512
0.28300347
0.18150125
0.04093350
0.00000100
0.73543066
0.15497756
0.23806886
0.06238253
0.02162471
0.32832539
0.39400866
0.03988641
0.53578057
0.52553540
0.19619185
0.21578628
0.94739057
0.70587492
0.60007809
0.36057181
0.22567547
0.73084949
0.05968075
0.68494020
0.25589011
0.00155870
0.59244080
0.24529536
0.75988922
0.46244496
0.96860029
0.05722553
0.36830721
0.03793225
0.26129374
0.23640794
0.02671187
0.59452152
0.99503792
0.97886727
0.61078522
0.25827663
0.34985490
0.39218231
0.21491769
0.14457373
0.09845886
0.65580121
0.91839245
0.59998018
0.04473137
0.25075401
0.77176525
0.75685870
0.49827043
0.74572344
0.46609340
0.08998661
0.07517778
0.39422029
0.42420487
0.37136158
0.09912528
0.95772756
0.79551774
0.03719441
0.94558216
0.18678991
0.85439217
0.38162080
0.22758707
0.03477919
0.26849354
0.06698098
0.05222164
0.27442809
0.84837990
0.26084705
0.35754211
0.60909848
0.22330688
0.04577697
0.88392644
0.43599256
0.50456635
0.53216765
0.45359887
0.25267224
0.06551523
0.87937393
0.74696221
0.11873565
0.17853946
0.33176081
0.46449116
0.65189627
0.04610080
0.78891578
0.27202308
0.07278502
0.53452258
0.29193438
0.15985592
0.08985986
0.29340588
0.20171677
0.11628019
0.44451318
0.36777774
0.51017184
0.21335595
0.11276480
0.06067600
0.19237753
0.56021268
0.19228880
0.56582699
0.87612499
0.39589566
0.24102188
0.41878241
0.20157454
0.44759249
0.20018296
0.22534844
0.47589947
0.20222812
0.24530565
0.55906224
0.95343480
0.18512642
0.00035907
0.46854755
0.01235157
0.11102051
0.37767467
0.11321193
0.06351653
0.28119000
0.63170885
0.64726300
0.44953163
0.04845698
0.08183786
0.67505497
0.06593214
0.55828616
0.42205775
0.04588712
0.92857474
0.04044919
0.29187319
0.69765173
0.06214975
0.85961148
0.08584479
0.05334715
0.22469488
0.05044652
0.64764333
0.14895336
0.66885165
0.52295116
0.06935469
0.19202756
0.25753456
0.60240632
0.42556972
0.48121983
0.85713235
0.17025336
0.05994350
0.79010075
0.70907326
0.50000303
0.08468258
0.56426010
0.16077602
0.37576910
0.28805207
0.25528972
0.21699159
0.02313418
0.14349145
0.43941612
0.69797471
0.08107224
0.17070775
0.13304529
0.52545980
0.71483421
0.62952478
0.11480088
0.53969139
0.01713605
0.98645948
0.47367031
0.10272980
0.22136137
0.12381575
0.51738985
0.62374736
0.48829345
0.34867493
0.62304827
0.09424266
0.16105927
0.09507734
0.15639385
0.58399090
0.78807103
0.24119930
0.77325596
0.61836189
0.20966802
0.51611598
0.51410931
0.91690656
0.00781999
0.26904732
0.36896004
0.05520657
0.11413273
0.32676327
0.01217992
0.82779197
0.55116548
0.64407796
0.76258240
0.08700423
0.49158744
0.17250095
0.18574886
0.17422068
0.16616546
0.52807386
0.10046036
0.14224132
0.06938719
0.61294495
0.64321368
0.38680393
0.33315504
0.22092846
0.04894476
0.27363538
0.03898249
0.02293495
0.00000100
0.01518759
0.44961442
0.32782049
0.53471381
0.05904915
0.21639817
0.21576145
0.84517818
0.30637634
0.20203465
0.72505610
0.12962605
0.43291043
0.48439249
0.06298174
0.05869371
0.23413682
0.00000100
0.07460783
0.56390569
0.64381901
0.01817804
0.20322295
0.12347257
0.38434205
0.82071494
0.37849061
0.31543441
0.38961969
0.07869834
0.44146687
0.51335784
0.04516815
0.01030578
0.63562861
0.33477365
0.51829033
0.61214937
0.31191850
0.02440149
0.53238987
0.16001517
0.10963924
0.65533445
0.50152324
0.08625191
0.09962335
0.65057301
0.56525486
0.11813240
0.11769330
0.27622051
0.73175612
0.92808778
0.65349540
