0.50456635
0.53216765
0.45359887
0.25268622
0.06495767
0.87937393
0.74696221
0.03821117
0.29680818
0.42247786
0.44691530
0.04458832
0.43348083
0.27202308
0.07278502
0.21194776
0.34216238
0.24314614
0.06745211
0.29340588
0.11628019
0.63027137
0.69185176
0.51901967
0.53510464
0.11229052
0.06063322
0.19237753
0.36921863
0.19229672
0.25971473
0.33289506
0.16278007
0.42300404
0.20152574
0.67035498
0.20018296
0.16840307
0.47589947
0.20222812
0.48760846
0.81967225
0.44629111
0.00014691
0.97021237
0.01235157
0.11102051
0.32876172
0.16277853
0.06351653
0.53828700
0.87778592
0.26835291
0.05786760
0.42379493
0.79751516
0.16614164
0.65436662
0.24498196
0.70986419
0.04618153
0.10595601
0.05156154
0.06214975
0.90660201
0.06934569
0.05334715
0.32130736
0.05044512
0.77823492
0.29199389
0.23417369
0.06935469
0.01146802
0.31709526
0.44006634
0.66317552
0.48121983
0.83463388
0.17025336
0.28731292
0.92510831
0.00000005
0.67210266
0.16416775
0.16077602
0.37576910
0.64650799
0.28030045
0.21699159
0.10586096
0.27469553
0.69797471
0.10567031
0.17070775
0.18276743
0.52545980
0.08016281
0.62952478
0.11480088
0.89446994
0.47367031
0.10272980
0.22136137
0.09164289
0.41267924
0.14232583
0.85449722
0.36423923
0.73713557
0.16105927
0.09760574
0.12589651
0.48500614
0.78807103
0.24119930
0.77325596
0.61836189
0.21016178
0.51675563
0.91690656
0.41665668
0.39682988
0.36896004
0.05520657
0.07184187
0.43194288
0.01845134
0.34294371
0.54719982
0.78946604
0.08700423
0.49158744
0.22211559
0.18574886
0.66771810
0.12126512
0.61461991
0.10037214
0.14224132
0.73774639
0.56171642
0.27314079
0.46074170
0.22092846
0.04894476
0.18477941
0.03971594
0.02293495
0.00000000
0.44961442
0.32782049
0.53471381
0.01783982
0.31068348
0.21576145
0.84517818
0.18472304
0.13398779
0.54605412
0.54227291
0.61727906
0.27107559
0.05869371
0.23413682
0.00001000
0.07460783
0.56390569
0.08355696
0.02709319
0.73604808
0.38434205
0.92078869
0.37813567
0.40958708
0.26313902
0.07823653
0.07488149
0.27406520
0.04516815
0.42597795
0.11981971
0.34202667
0.67075662
0.31191850
0.01239460
0.58324149
0.12556192
0.10963924
0.85237872
0.06141812
0.08995575
0.65057301
0.12194127
0.11813240
0.08456959
0.27622051
0.73175612
0.88851978
0.64866181
0.32153526
0.44691530
0.11628019
0.85189735
0.55906224
0.68397223
0.04618153
0.75145284
0.79010075
0.10586096
0.98475550
0.12211405
0.91934776
0.54024063
0.61294495
0.44961442
0.54227291
0.66848941
0.63562861
0.06141812
0.00288711
0.52686623
0.00477684
0.11531845
0.54434942
0.99020658
0.62926164
0.85328328
0.00575364
0.80572950
0.38541561
0.05506279
0.12497273
0.65163760
0.79482643
0.04675123
0.02407615
0.97016290
0.29116469
0.08659587
0.05313902
0.82750248
0.57817734
0.48012338
0.26921449
0.45325391
0.91852554
0.45777758
0.47505096
0.06872579
0.29861048
0.53011276
0.42177868
0.22462226
0.33162494
0.72617543
0.69181267
0.04628161
0.18030850
0.65596076
0.40277520
0.81675280
0.83229326
0.17000844
0.45821431
0.68656276
0.51260090
0.25051620
0.11358398
0.69180473
0.12284791
0.61247187
0.09243828
0.09302432
0.48870696
0.15238432
0.75537010
0.52164956
0.29213976
0.03477919
0.43597933
0.46449116
0.20171677
0.69811875
0.24530565
0.28119000
0.65310157
0.10308188
0.08115464
0.02206412
0.01713605
0.09351352
0.35426753
0.64407796
0.04719371
0.01518759
0.12962605
0.20322295
0.01030578
0.99629798
0.37585137
0.35890387
0.00001000
0.37125601
0.08044710
0.81374793
0.31427714
0.02573796
0.37381305
0.05658329
0.24605408
0.05634489
0.26814343
0.18185333
0.10189777
0.58479186
0.15083201
0.00764879
0.52769401
0.72969145
0.16129583
0.83262096
0.16997206
0.50300757
0.15284251
0.42349884
0.59684112
0.17261292
0.12644381
0.29244440
0.08974636
0.47953677
0.11269990
0.28882506
0.15829017
0.14877550
0.20896044
0.78587273
0.57513427
0.48608746
0.12636121
0.75243000
0.09359149
0.44530641
0.45575239
0.40795532
0.84886306
0.07952988
0.20162409
0.24724793
0.10234357
0.24832344
0.76404282
0.50883839
0.08938465
0.00000000
0.11985153
0.17675682
0.22288381
0.10724750
0.00613168
0.99451121
0.47081391
0.42471905
0.02354467
0.07680693
0.20361505
0.00001000
0.14445515
0.08199982
0.78525329
0.33117872
0.27712381
0.66787266
0.58771135
0.45239521
0.53866185
0.98413295
0.00147276
0.70638670
0.38551218
0.48313980
0.55085254
0.46803462
0.12928214
0.88327263
0.04524430
0.06139906
0.21940471
0.78352496
0.14594208
0.63136425
0.76688226
0.25570585
0.58716857
0.50212353
0.01620834
0.21785782
0.74682913
0.07913960
0.32821587
0.96163068
0.28281343
0.26567416
0.07196128
0.11323732
0.03421818
0.72183683
0.21961974
0.37653484
0.25320422
0.24095984
0.51789853
0.07530857
0.42117037
0.55071793
0.07772253
0.04069638
0.11007349
0.01108978
0.41656888
0.37079943
0.75627818
0.76090296
0.93143257
0.53891335
0.11834498
0.00477997
0.51332594
0.51780728
0.09349404
0.29704619
0.64185965
0.32747384
0.88086092
0.45968434
0.17656182
0.53638320
0.28185014
0.16522258
0.60320705
0.86274664
0.20642240
0.35819305
0.06848459
0.50965370
0.72099310
0.21264613
0.36638977
0.77161280
0.29669135
0.40034519
0.53694711
0.59727906
0.60128046
0.25014909
0.52381835
0.34612365
0.00001000
0.00001000
0.11101586
0.13986292
0.42449074
0.81444133
0.27710041
0.00217248
0.05139732
0.08938015
0.00080338
0.00001000
0.76813367
0.95494942
0.36804712
0.85270377
0.95665233
0.04960754
0.11231419
0.22430862
0.30775847
0.38800086
0.14068291
0.59595384
0.65605612
0.55917855
0.34767380
0.55061303
0.16228040
0.03649625
0.28795707
0.10638381
0.94587929
0.34580270
0.58822597
0.44951563
0.38584023
0.00000000
0.34322862
0.25363309
0.12418769
0.18386549
0.75725437
0.16848391
0.06654386
0.15618823
0.28961182
0.14134961
0.84786278
0.48152780
0.49372970
0.02771009
0.54597235
0.03507197
0.00131391
0.83595889
0.37241964
0.61583676
0.68891279
0.34055614
0.42872772
0.76232294
0.47861027
0.96510017
0.30691540
0.40557627
0.21313345
0.90404481
0.53673558
0.28999421
0.03021444
0.50113535
0.94655604
0.01642239
0.35716994
0.67894805
0.07969430
0.40862345
0.31818114
0.91032032
0.12066717
0.81208080
0.55334770
0.00301337
0.06698146
0.42282921
0.04198150
0.26364017
0.06324833
0.48283442
0.62122359
0.10744045
0.00642094
0.26703402
0.04266387
0.40975039
0.82233695
0.22720525
0.52580088
0.11338593
0.92859155
0.27450922
0.79785005
0.70491572
0.14431830
0.12248803
0.76706692
0.31605393
0.50028818
0.08569950
0.55289638
0.55874938
0.31609656
0.17069305
0.50355312
0.01031779
0.38690622
0.01486187
0.23844947
0.36878060
0.38147071
0.12808543
0.94766620
0.57264361
0.09407519
0.68239284
0.07386640
0.77450350
0.21824837
0.75440935
0.28247647
0.63659145
0.30258375
0.37843554
0.15597138
0.95798351
0.56843143
0.79098297
0.42828760
0.94419730
0.15186543
0.87657898
0.24026052
0.92442657
0.20829687
0.57829819
0.03852186
0.49656200
0.09882764
0.01472314
0.08496367
0.09373606
0.59291848
0.31076650
0.04187433
0.03508336
0.09326905
0.36274632
0.09233986
0.94842553
0.95109119
0.78991199
0.92865175
0.86626106
0.62914997
0.77756173
0.10078638
0.20584843
0.47131096
0.11590382
0.26199852
0.51608708
0.30481663
0.38217938
0.55429531
0.61612678
0.14981346
0.49858562
0.66424399
0.45486050
0.05266791
0.98876029
0.11956251
0.57213514
0.05922754
0.10643340
0.72053365
0.54292587
0.40699694
0.20048293
0.06653179
0.88410127
0.34936872
0.29663574
0.13503685
0.56946772
0.60556056
0.09251055
0.03820954
0.04552722
0.17822326
0.35010578
0.79647476
0.14702805
0.50855363
0.95630833
0.30995359
0.00567042
0.16850259
0.45875989
0.08635792
0.77487612
0.30132744
0.13877334
0.28850433
0.01480987
0.46731342
0.79561204
0.60132750
0.79073159
0.73298817
0.00390104
0.16329151
0.00000000
0.06136485
0.02109180
0.39017489
0.87039548
0.52837459
0.13185696
0.08057329
0.51886851
0.01780501
0.33165017
0.73496598
0.32941604
0.01218698
0.55437807
0.42450798
0.67911656
0.98620355
0.17800179
0.67258386
0.96241763
0.27216213
0.03688329
0.11717829
0.00001000
0.28897657
0.56885860
0.49122686
0.05876546
0.69045742
0.01121491
0.68958658
0.02506883
0.30154808
0.05186668
0.72313683
0.01459333
0.88700428
0.62511901
0.42212185
0.83970802
0.21447165
0.46480874
0.40992112
0.46916239
0.74175080
0.43122037
0.73358515
0.22219812
0.04146030
0.03224117
0.75596104
0.55983922
0.38470715
0.61707219
0.34787955
0.25306604
0.55940980
0.30016319
0.15100680
0.01828090
0.29636555
0.41147048
0.16464862
0.13706383
0.39156668
0.41013737
0.16768155
0.89245559
0.62340511
0.38580965
0.85295040
0.12308276
0.00028790
0.88539815
0.57238369
0.03776867
