0.39321357
0.63273453
0.43912176
0.16966068
0.09381238
0.73852295
0.74451098
0.94011976
0.27944112
0.55089820
0.37924152
0.06586826
0.38722555
0.38922156
0.11776447
0.91017964
0.33133733
0.39720559
0.13173653
0.26347305
0.11576846
0.41516966
0.79241517
0.30339321
0.24550898
0.40518962
0.09780439
0.28343313
0.18762475
0.11976048
0.97205589
0.44111776
0.18762475
0.44111776
0.26546906
0.52894212
0.36327345
0.33333333
0.47305389
0.26546906
0.52095808
0.60079840
0.38323353
0.03992016
0.91816367
0.06387226
0.27944112
0.55688623
0.20558882
0.23552894
0.57884232
0.78642715
0.68263473
0.16167665
0.22554890
0.80838323
0.91017964
0.71457086
0.60479042
0.66067864
0.04391218
0.13972056
0.59281437
0.11377246
0.83233533
0.20558882
0.23552894
0.28343313
0.06187625
0.74650699
0.71057884
0.53093812
0.86826347
0.39920160
0.17564870
0.67465070
0.86027944
0.51497006
0.86027944
0.18762475
0.72654691
0.82435130
0.00998004
0.16766467
0.63273453
0.21956088
0.40718563
0.49101796
0.23752495
0.72455090
0.21756487
0.35129741
0.28942116
0.76247505
0.20758483
0.26147705
0.42315369
0.62075848
0.55089820
0.10379242
0.98602794
0.65469062
0.14371257
0.25349301
0.17764471
0.71856287
0.86626747
0.46307385
0.44111776
0.84231537
0.18163673
0.18163673
0.21956088
0.67065868
0.86626747
0.40518962
0.62275449
0.71257485
0.10179641
0.46706587
0.87425150
0.23552894
0.47305389
0.24950100
0.11177645
0.18363273
0.61676647
0.04990020
0.67664671
0.68063872
0.72055888
0.08982036
0.68463074
0.16167665
0.39520958
0.61477046
0.16966068
0.61477046
0.15768463
0.21157685
0.75049900
0.83832335
0.66267465
0.46706587
0.52295409
0.12574850
0.65868263
0.25149701
0.87025948
0.00199601
0.57085828
0.50898204
0.07784431
0.03992016
0.54091816
0.92614770
0.80838323
0.33532934
0.20958084
0.69261477
0.59481038
0.74051896
0.26347305
0.95009980
0.19161677
0.01197605
0.16966068
0.53293413
0.60678643
0.03992016
0.72255489
0.71057884
0.73253493
0.30738523
0.30738523
0.87824351
0.46307385
0.69461078
0.27345309
0.09580838
0.74251497
0.14171657
0.52295409
0.58083832
0.45309381
0.05988024
0.78443114
0.24750499
0.15369261
0.84031936
0.16367265
0.20159681
0.58083832
0.10578842
0.24950100
0.18562874
0.55688623
0.83632735
0.88622754
0.61477046
0.42914172
0.36926148
0.09780439
0.96606786
0.52694611
0.54091816
0.03792415
0.75049900
0.70459082
0.67265469
0.97804391
0.21157685
0.86626747
0.74650699
0.74051896
0.51497006
0.59281437
0.72455090
0.76447106
0.15369261
0.05588822
0.53093812
0.06586826
0.28143713
0.49301397
0.93213573
0.59281437
0.84630739
0.04391218
0.22754491
0.45708583
0.09580838
0.26746507
0.99600798
0.56686627
0.07385230
0.56886228
0.83832335
0.24750499
0.19361277
0.59081836
0.95808383
0.04391218
0.53293413
0.48303393
0.47105788
0.97405190
0.06986028
0.96207585
0.14770459
0.82235529
0.92415170
0.99600798
0.47504990
0.46906188
0.72455090
0.74850299
0.11177645
0.39920160
0.60878244
0.28343313
0.66267465
0.88822355
0.34530938
0.59680639
0.71656687
0.72055888
0.25349301
0.17964072
0.75848303
0.13373253
0.78243513
0.65868263
0.32534930
0.51297405
0.28343313
0.99600798
0.53093812
0.37325349
0.04790419
0.38522954
0.63473054
0.20958084
0.75648703
0.30139721
0.62275449
0.89620758
0.54890220
0.06986028
0.07784431
0.10379242
0.47305389
0.65868263
0.91217565
0.05389222
0.07784431
0.58083832
0.42914172
0.05788423
0.99401198
0.61277445
0.34331337
0.02794411
0.34930140
0.12375250
0.47305389
0.58283433
0.07584830
0.61077844
0.06586826
0.20758483
0.11776447
0.37524950
0.63273453
0.17564870
0.26746507
0.64670659
0.12574850
0.87425150
0.28343313
0.30339321
0.81437126
0.20159681
0.63073852
0.17564870
0.41716567
0.70059880
0.31337325
0.15369261
0.72654691
0.14970060
0.34131737
0.36726547
0.23752495
0.91217565
0.17764471
0.08582834
0.06786427
0.45309381
0.65269461
0.11576846
0.68263473
0.29540918
0.43113772
0.63073852
0.47704591
0.79041916
0.16167665
0.16766467
0.14171657
0.09381238
0.44311377
0.76047904
0.58283433
0.08183633
0.02794411
0.26347305
0.19960080
0.14570858
0.08582834
0.06986028
0.42315369
0.75449102
0.79041916
0.59281437
0.60878244
0.66467066
0.03193613
0.14770459
0.25948104
0.99201597
0.43912176
0.90019960
0.67065868
0.46506986
0.86826347
0.66866267
0.44111776
0.04191617
0.81237525
0.73453094
0.21357285
0.80638723
0.53692615
0.29940120
0.78443114
0.13572854
0.11976048
0.33532934
0.58882236
0.23153693
0.71856287
0.89221557
0.31936128
0.91816367
0.94810379
0.06387226
0.33732535
0.40718563
0.20359281
0.41317365
0.95409182
0.36127745
0.62475050
0.10379242
0.18163673
0.23952096
0.66067864
0.27744511
0.48502994
0.28542914
0.38722555
0.66666667
0.10379242
0.66666667
0.70459082
0.15568862
0.08383234
0.10978044
0.13772455
0.49500998
0.54890220
0.88822355
0.61477046
0.88023952
0.52095808
0.05189621
0.05389222
0.59081836
0.92614770
0.16167665
0.57485030
0.72055888
0.77644711
0.85029940
0.54890220
0.12574850
0.69061876
0.45109780
0.24950100
0.21556886
0.90618762
0.42514970
0.55888224
0.08582834
0.52295409
0.67465070
0.35528942
0.36526946
0.88622754
0.23153693
0.70059880
0.66866267
0.82035928
0.54890220
0.34530938
0.29540918
0.31536926
0.02395210
0.02594810
0.08183633
0.14371257
0.51497006
0.23353293
0.79840319
0.03393214
0.15768463
0.22554890
0.01596806
0.01796407
0.96207585
0.94411178
0.48502994
0.98003992
0.93612774
0.06586826
0.25948104
0.15369261
0.30339321
0.60678643
0.47704591
0.70059880
0.60079840
0.70459082
0.75249501
0.76247505
0.17964072
0.09980040
0.45908184
0.79041916
0.96007984
0.30738523
0.44311377
0.41117764
0.47704591
0.01596806
0.40718563
0.27145709
0.75049900
0.24151697
0.48103792
0.20758483
0.88622754
0.18962076
0.45708583
0.39920160
0.87824351
0.89021956
0.50698603
0.14171657
0.99401198
0.05189621
0.03592814
0.79041916
0.49700599
0.98003992
0.77045908
0.64271457
0.57884232
0.79041916
0.60079840
0.91217565
0.46506986
0.47904192
0.83433134
0.96407186
0.61277445
0.51097804
0.43313373
0.54291417
0.90019960
0.03992016
0.35728543
0.70658683
0.10179641
0.51696607
0.49700599
0.89421158
0.23752495
0.45109780
0.50299401
0.02594810
0.09580838
0.40319361
0.32335329
0.17964072
0.33133733
0.55888224
0.83632735
0.32734531
0.06786427
0.26946108
0.13972056
0.71656687
0.62275449
0.27744511
0.63473054
0.41317365
0.45508982
0.49900200
0.55489022
0.63273453
0.26946108
0.10179641
0.68862275
0.28542914
0.79441118
0.15968064
0.61477046
0.46307385
0.44111776
0.70459082
0.50499002
0.07984032
0.19960080
0.05988024
0.40319361
0.72055888
0.86626747
0.17764471
0.74051896
0.73253493
0.15568862
0.46506986
0.07185629
0.65668663
0.90419162
0.82235529
0.38123752
0.59880240
0.93612774
0.50898204
0.16966068
0.95009980
0.81237525
0.64271457
0.80039920
0.89221557
0.14371257
0.74051896
0.97604790
0.90019960
0.36926148
0.58483034
0.08982036
0.61277445
0.07185629
0.03592814
0.06786427
0.44510978
0.85229541
0.41716567
0.11576846
0.66866267
0.26546906
0.30538922
0.43912176
0.97405190
0.95808383
0.44510978
0.82235529
0.95009980
0.89221557
0.72255489
0.10578842
0.25748503
0.72854291
0.16167665
0.43512974
0.47704591
0.33133733
0.37524950
0.70059880
0.68063872
0.05588822
0.52495010
0.87425150
0.47504990
0.07385230
0.99600798
0.25349301
0.76646707
0.21357285
0.09580838
0.32335329
0.65469062
0.55888224
0.40518962
0.19760479
0.86626747
0.67864271
0.38123752
0.17365269
0.52894212
0.69261477
0.13173653
0.03193613
0.12574850
0.20159681
0.43512974
0.21756487
0.06986028
0.58882236
0.91816367
0.72455090
0.04990020
0.39121756
0.58283433
0.08982036
0.83033932
0.29341317
0.16766467
0.73453094
0.03193613
0.76247505
0.72654691
0.58682635
0.64670659
0.90618762
0.22754491
0.49301397
0.02794411
0.49700599
0.05189621
0.43912176
0.93812375
0.28742515
0.16966068
0.07385230
0.48103792
0.05988024
0.81037924
0.99800399
0.23752495
0.10578842
0.69461078
0.72255489
0.77445110
0.98003992
0.32534930
0.74051896
0.87225549
0.14770459
0.24550898
0.49301397
0.00998004
0.43712575
0.22754491
0.88423154
0.16566866
0.36726547
0.06586826
0.86227545
0.59481038
0.31736527
0.05189621
0.56886228
0.06986028
0.77644711
0.92215569
0.34131737
0.89620758
0.62874251
0.38123752
0.20958084
0.61277445
0.68662675
0.37125749
0.71057884
0.32734531
0.07784431
0.06986028
0.89620758
0.60878244
0.65668663
0.82235529
0.37724551
0.47105788
0.53892216
0.22954092
0.15968064
0.47105788
0.43512974
0.34331337
0.40918164
0.16167665
0.35728543
0.85628743
0.20958084
0.55289421
0.67864271
0.51696607
0.77445110
0.94610778
0.32534930
0.68063872
0.57884232
0.36926148
