0.41117764
0.65868263
0.41916168
0.14770459
0.08782435
0.70259481
0.74451098
0.92614770
0.22954092
0.54491018
0.39920160
0.06786427
0.40518962
0.43313373
0.16966068
0.88822355
0.36127745
0.41916168
0.12375250
0.28143713
0.11177645
0.40918164
0.79640719
0.26347305
0.29540918
0.35928144
0.10578842
0.28742515
0.20159681
0.11776447
0.92614770
0.47504990
0.20359281
0.43512974
0.22754491
0.46706587
0.32335329
0.33333333
0.48502994
0.25349301
0.50898204
0.60678643
0.40119760
0.03592814
0.94411178
0.07784431
0.24750499
0.55888224
0.18363273
0.21556886
0.52894212
0.81237525
0.66067864
0.17365269
0.15768463
0.74850299
0.88223553
0.72255489
0.57285429
0.68862275
0.06187625
0.17165669
0.56886228
0.11177645
0.94810379
0.19361277
0.22155689
0.31936128
0.04790419
0.73852295
0.73053892
0.54890220
0.84431138
0.46906188
0.15968064
0.62275449
0.86826347
0.51896208
0.86626747
0.15768463
0.74451098
0.87425150
0.02594810
0.15169661
0.62674651
0.28742515
0.38922156
0.41317365
0.24950100
0.71057884
0.19560878
0.37524950
0.26746507
0.76047904
0.23353293
0.20758483
0.42714571
0.63672655
0.60079840
0.09980040
0.97804391
0.66267465
0.18363273
0.27544910
0.16766467
0.67664671
0.81836327
0.51896208
0.50299401
0.83233533
0.21357285
0.15968064
0.20359281
0.64870259
0.85229541
0.42315369
0.62874251
0.66267465
0.11177645
0.42514970
0.82435130
0.24550898
0.44910180
0.60079840
0.07185629
0.19161677
0.64271457
0.07185629
0.68862275
0.66467066
0.75848303
0.09980040
0.66866267
0.18562874
0.45109780
0.63073852
0.18363273
0.57884232
0.13572854
0.22355289
0.71656687
0.79241517
0.61277445
0.51097804
0.52694611
0.12375250
0.62674651
0.24750499
0.05389222
0.00199601
0.54091816
0.53493014
0.07984032
0.04191617
0.49700599
0.90818363
0.79041916
0.19560878
0.18962076
0.68662675
0.61876248
0.68063872
0.27145709
0.94011976
0.16766467
0.02195609
0.15968064
0.57884232
0.62075848
0.04391218
0.71057884
0.69061876
0.75848303
0.29540918
0.33532934
0.82035928
0.46906188
0.69660679
0.33333333
0.10179641
0.74451098
0.87624750
0.56287425
0.59081836
0.40319361
0.04990020
0.72255489
0.24950100
0.17564870
0.82435130
0.19760479
0.18163673
0.56287425
0.08982036
0.22155689
0.22554890
0.58483034
0.80039920
0.88822355
0.59281437
