0.58884853
0.12505545
0.48723401
0.26408618
0.55897551
0.00600827
0.38799178
0.06790287
0.28144058
0.63046218
0.03697462
0.50013910
0.00367931
0.16272133
0.27371887
0.00454890
0.49542451
0.48072392
0.08564448
0.18962481
0.44268926
0.09483164
0.16285820
0.81235727
0.80389530
0.64186191
0.58345447
0.28790025
0.85528075
0.14019707
0.55692977
0.23981062
0.21753221
0.09368208
0.47483567
0.71296810
0.25624281
0.07927044
0.10221994
0.22532100
0.94120280
0.02172155
0.04279896
0.14383611
0.36749030
0.35848161
0.62955915
0.16175518
0.04181932
0.25636769
0.80628461
0.84156647
0.71290980
0.03134330
0.07715836
0.19215433
0.05852095
0.76596314
0.23534686
0.18584716
0.63259918
0.33976948
0.07106094
0.00000100
0.14929664
0.09510695
0.11292812
0.26683221
0.11523166
0.00293561
0.54774347
0.84950533
0.86074615
0.49451651
0.21044967
0.57029981
0.50010892
0.15116667
0.11267401
0.36251495
0.48410631
0.34108873
0.88364561
0.66023432
0.00875951
0.34241633
0.46479389
0.03927801
0.33055380
0.65946338
0.83494173
0.35508210
0.78596136
0.37399467
0.45820452
0.10955867
0.57739457
0.02995930
0.08301603
0.45687409
0.30292084
0.13856105
0.49862759
0.57217641
0.15765550
0.45581870
0.62775732
0.07265262
0.00990156
0.31233616
0.30266371
0.09322180
0.03316298
0.00560006
0.58571699
0.19498561
0.32846057
0.18319938
0.24630358
0.37017635
0.13877134
0.22719256
0.19197094
0.79638899
0.39502801
0.14995309
0.01348763
0.84282296
0.01261968
0.88479878
0.99239869
0.03755291
0.01376987
0.01342253
0.00824114
0.01653789
0.06992580
0.55372209
0.00454982
0.35068778
0.44993884
0.62975961
0.01214091
0.03390615
0.13012223
0.29771089
0.04489121
0.06384697
0.77031734
0.03792991
0.83714983
0.33207927
0.95848007
0.06912627
0.02035541
0.32746755
0.06670631
0.37754677
0.00763366
0.83719277
0.00642581
0.39890329
0.11402257
0.42663976
0.06669927
0.28955969
0.45154871
0.91375959
0.34281927
0.10161597
0.14833763
0.60495542
0.32377753
0.15623527
0.27904402
0.16000446
0.72783581
0.00000100
0.50003528
0.41182191
0.08475713
0.48333141
0.19371315
0.18109429
0.38361540
0.00053141
0.31069982
0.13675759
0.00000100
0.00000100
0.92478040
0.00096930
0.69729537
0.75990287
0.32749141
0.34342313
0.16564308
0.00000100
0.03313493
0.41705336
0.37886525
0.01098077
0.11069011
0.94761145
0.88421017
0.25936063
0.17292025
0.16395006
0.11106695
0.00058983
0.31066722
0.36259102
0.86003108
0.70559765
0.24946201
0.11969166
0.11196947
0.06827731
0.00522197
0.31157542
0.21848642
0.25021032
0.03318836
0.55102909
0.36380305
0.08508717
0.04540559
0.00901897
0.17041671
0.69070402
0.49308505
0.05818272
0.10114103
0.83833643
0.05072421
0.13294696
0.80826803
0.00060660
0.00050365
0.79723923
0.50840819
0.00000100
0.18928165
0.24053024
0.65927038
0.43263259
0.18024573
0.40475278
0.19457924
0.56387934
0.55421856
0.40116270
0.31800514
0.37452603
0.47845899
0.39875704
0.39667663
0.96578266
0.95590824
0.00163938
0.41826890
0.07657811
0.00725387
0.47984385
0.65947731
0.62962058
0.18207804
0.20704781
0.69293609
0.47477124
0.00034733
0.02206416
0.43845669
0.19151380
0.04687931
0.18132914
0.55745400
0.97523923
0.12787501
0.04010220
0.00249871
0.10390333
0.19026049
0.75563972
0.67747974
0.07938252
0.07509473
0.07700103
0.72275045
0.39388944
0.10196944
0.02183245
0.33900595
0.27840778
0.04229794
0.47020940
0.15658742
0.41482280
0.03611775
0.65046680
0.61773060
0.40702672
0.03996056
0.23519260
0.34061203
0.00529626
0.12766761
0.87473936
0.33378805
0.00023080
0.82745664
0.06692342
0.28953079
0.27070279
0.17024271
0.38450927
0.22481148
0.01299066
0.91589761
0.42415649
0.67274069
0.65646612
0.84004522
0.18646486
0.54397721
0.60519651
0.18866514
0.65383514
0.56390761
0.19836690
0.49989281
0.50016434
0.96898030
0.93330193
0.99093691
0.10612054
0.16399925
0.79950614
0.31389019
0.27261373
0.00919982
0.87594622
0.39153570
0.00114037
0.19359364
0.03845541
0.62979062
0.00000100
0.37145894
0.05796171
0.68368023
0.11572646
0.15108026
0.53982903
0.32687714
0.28416537
0.27779434
0.00109274
0.10984821
0.49635025
0.79266580
0.02863703
0.01936540
0.27783618
0.74527308
0.11209573
0.45237973
0.76664514
0.86687463
0.37159849
0.50885806
0.84483793
0.35857907
0.07679834
0.65830449
0.79519760
0.18656021
0.01714425
0.92435892
0.08092350
0.07316123
0.89139806
0.13094001
0.03909860
0.46393311
0.12851904
0.15106314
0.03994665
0.60863348
0.72109314
0.32411171
0.04816267
0.34444594
0.08370499
0.86431885
0.85508819
0.08304489
0.00664007
0.02976997
0.03525267
0.37657530
0.23694487
0.04846624
0.00822826
0.14777697
0.62548989
0.55979266
0.02631559
0.20111144
0.63104068
0.03168263
0.84504680
0.01106527
0.42462150
0.04618922
0.47750818
0.00315164
0.18765476
0.21237640
0.83418161
0.67078817
0.94233534
0.30454638
0.63233316
0.00161979
0.00000100
0.32723333
0.00117901
0.60709507
0.63659303
0.21903627
0.13619096
0.00800346
0.66543072
0.29624941
0.24590877
0.00000100
0.77258130
0.20069621
0.03905165
0.24132364
0.42390672
0.82266057
0.27909390
0.31014829
0.53718924
0.83824838
0.21798060
0.00804858
0.05995120
0.08962160
0.37966492
0.00000100
0.33116440
0.10969649
0.57535479
0.04196929
0.06780220
0.62855413
0.02032052
0.73318650
0.04746284
0.38796811
0.09719645
0.82790867
0.02758351
0.72881380
0.82221556
0.00308958
0.00477828
0.63917493
0.00000100
0.46534951
0.22258415
0.04134631
0.81582533
0.33779405
0.86069375
0.33978784
0.63195340
0.01717136
0.00749462
0.53757369
0.62774590
0.37785607
0.15302473
0.39267770
0.40644838
0.59535269
0.41799456
0.87750978
0.07032682
0.50000268
0.44172041
0.16748660
0.09207148
0.07708715
0.19321552
0.36661669
0.08683975
0.11903346
0.95114614
0.49046286
0.14671130
0.36756946
0.72520503
0.18275154
0.36794189
0.93581929
0.24137213
0.48746897
0.48878864
0.23730355
0.45181313
0.37919312
0.55369827
0.13523693
0.12810545
0.40686616
0.11398520
0.09401892
0.16139891
0.22576707
0.05722561
0.28384734
0.08574236
0.13448694
0.81141345
0.03394865
0.19278608
0.00000100
0.57887561
0.10654027
0.02663300
0.33279472
0.06203227
0.65609579
0.13456185
0.65009265
0.38526743
0.40785349
0.21413002
0.41562179
0.15442758
0.05286670
0.10975201
0.42769367
0.15373838
0.02743544
0.04031243
0.32545124
0.03490688
0.48054081
0.30636635
0.02923630
0.39250011
0.04931267
0.19585529
0.53067800
0.66168016
0.69380633
0.07748743
0.99756985
0.07323760
0.12237239
0.12552654
0.38869259
0.72562193
0.96052956
0.99436449
0.37111685
0.07279791
0.72529367
0.33494246
0.03853194
0.08810334
0.76531105
0.19019680
0.02874359
0.01449647
0.21868061
0.09585493
0.32655175
0.05022106
0.37248890
0.09460007
0.12009881
0.05945803
0.23193962
0.23266393
0.28557633
0.97993871
0.09187456
0.64894760
0.00066473
0.19483150
0.86467943
0.02006754
0.67492423
0.77756155
0.13287879
0.15548466
0.07261281
0.00000100
0.00540963
0.85836749
0.15285559
0.16727868
0.19409146
0.00333893
0.54051706
0.02596260
0.95572429
0.08950305
0.30991605
0.01563266
0.24495056
0.41759503
0.03727119
0.56359097
0.62757032
0.47053765
0.26095392
0.47790107
0.05970985
0.05427869
0.95532169
0.00000100
0.41594751
0.22127062
0.10887337
0.38647299
0.03451376
0.19232356
0.11004828
0.77727380
0.16813167
0.50178555
0.48176403
0.64693723
0.28595510
0.94244164
0.56181894
0.85647358
0.00882267
0.30601259
0.48141015
0.01227425
0.44395283
0.12649593
0.30685894
0.42571303
0.46992741
0.32522486
0.18410873
0.22799544
0.94795226
0.32968747
0.30301421
0.35190524
0.02968961
0.24000143
0.00000100
0.50793149
0.82565984
0.28853840
0.59226280
0.21822995
0.14605502
0.23082662
0.01327764
0.00000129
0.04812342
0.64459160
0.00221069
0.24172682
0.86497931
0.78724540
0.06948137
0.56711456
0.63464862
0.70257796
0.70392684
0.00304239
0.27295748
0.03884998
0.66179130
0.83026240
0.18362885
0.95012214
0.89840206
0.06536199
0.07133438
0.12788345
0.11320638
0.00000100
0.29530897
0.01055554
0.29093536
0.41601243
0.72628401
0.30127828
0.39920572
0.03672080
0.03489685
0.47871519
0.25838597
0.00305053
0.89455427
0.79940187
0.23267086
0.87301869
0.32998903
0.57555793
0.64747108
0.49734439
0.38567434
0.26814543
0.00890535
0.92076038
0.39742742
0.00179680
0.85098987
0.01859544
0.60784330
0.79561035
0.95476572
0.00449000
0.37809368
0.07601197
0.09453293
0.08731345
0.00866719
0.75640937
0.03681430
0.65476495
0.45572217
0.19124280
0.78703615
0.10631090
0.34707052
0.02648313
0.02447598
0.03892036
0.52923164
0.13805496
0.06760932
0.29750516
0.68363543
0.68150799
0.81481232
0.09284618
0.88209854
0.07599482
0.22806492
0.50716410
0.69936716
0.25790703
0.03556267
0.97899518
0.74501025
0.00000100
0.14096871
0.02902788
0.80584064
0.03163920
0.50112728
0.03841012
0.64553971
0.11781589
0.04528371
0.04102442
0.78231975
0.20306775
0.65310681
0.54461357
0.39394273
0.01973701
0.61855113
0.14247523
0.58884853
0.42434271
0.66860621
0.04088678
0.00565440
0.22551134
0.68834160
0.51883793
0.67186449
0.06594027
0.28758867
0.30120031
0.00353352
0.13826851
0.02926251
0.00995393
0.01021333
0.55401231
0.11245956
0.07636603
0.22537169
0.12729748
0.03316298
0.31822042
0.29774333
0.17784089
0.00755293
0.08963469
0.04514961
0.16676208
0.28137491
0.07708755
0.93706308
0.55102909
0.34114970
0.03110488
0.52677749
0.26418967
0.78180357
0.25092420
0.39087839
0.57104721
0.29646757
0.00000189
0.99093691
0.70705092
0.16082688
0.00108276
0.44642584
0.01411640
0.23952154
0.02934284
0.07364635
0.36905470
0.35833616
0.27071417
0.84665573
0.56090923
0.06526353
0.03025534
0.76327333
0.61518708
0.19146055
0.33657569
0.80315445
0.47880439
0.04931267
0.00000100
0.71120512
0.00991591
0.03124081
0.19869722
0.21736401
0.29622053
0.00482185
0.91118804
0.09846539
0.83733625
0.07284181
0.94890379
0.61596591
0.16381028
0.57942088
0.89820095
0.42444329
0.38598430
0.16093679
0.08024339
0.02190711
0.04026604
0.00000100
0.18680615
0.00000100
0.13855768
0.47745284
0.04961450
0.45292022
0.19074470
0.07167430
0.27084813
0.20779081
0.35132036
0.66903755
0.32032219
0.02233242
0.26710893
0.37356097
0.76134409
0.01326722
0.07750327
0.03233064
0.48723401
0.77179994
0.01084873
0.03260443
0.26922637
0.67402801
0.46475105
0.58301262
0.35868784
0.86129756
0.31336052
0.24713269
0.02541347
0.07264025
0.07642818
0.49085269
0.30897020
0.89922347
0.67681886
0.06143146
0.06070477
0.00000100
0.80389530
0.05513027
0.64652720
0.02326882
0.10615413
0.09645924
0.45051718
0.16313067
0.09294735
0.64468068
0.13468328
0.69870338
0.03883348
0.77191982
0.06575946
0.17208464
0.18772739
0.11494591
0.53959386
0.16059480
0.06588587
0.09955240
0.67807538
0.59169597
0.32188971
0.14049443
0.03366442
0.02549544
0.01798310
0.12876173
0.97679359
0.44051089
0.03072856
0.77168239
0.29250773
0.00343334
0.00955130
0.10330475
0.49350326
0.99955337
0.11257959
0.03980238
0.03185783
0.37508597
0.79915056
0.33611283
0.16283091
0.08611557
0.25796322
0.00000100
0.05118788
0.46451277
0.62257789
0.01474101
0.60558029
0.79223434
0.22090503
0.35000185
0.31495965
0.62124664
0.38165012
0.00599479
0.00000100
0.21285547
0.64609729
0.02797025
0.56753156
0.41103128
0.44495764
0.20153950
0.31470456
0.03089789
0.38151995
0.16065605
0.15665078
0.82793551
0.85914779
0.13856105
0.03488277
0.14779290
0.08662226
0.12199267
0.14517053
0.28667350
0.88212888
0.60070838
0.83852854
