0.09807852
0.12816345
0.15816068
0.43848694
0.17517840
0.02676994
0.24223632
0.00273177
0.10500133
0.40434126
0.07057248
0.37901522
0.33603576
0.00174469
0.00345693
0.01688889
0.68732516
0.29873088
0.34070651
0.06275675
0.17021310
0.08241108
0.01003877
0.22014496
0.02284819
0.17176069
0.00388569
0.02780279
0.00162505
0.00367082
0.00699776
0.12054735
0.96303348
0.78493283
0.07100248
0.27948399
0.20645867
0.00158232
0.29521125
0.00117036
0.08538649
0.89984517
0.00133491
0.17436094
0.00009274
0.01990295
0.01565774
0.30675045
0.46895816
0.07693685
0.46874276
0.21944097
0.00388512
0.05380340
0.02088842
0.00137217
0.09480658
0.58776134
0.14296260
0.10626833
0.17832062
0.00528673
0.46164613
0.36151574
0.34503065
0.06882755
0.92613878
0.80612111
0.09097058
0.06485095
0.14775059
0.01211271
0.00839837
0.00203286
0.20385913
0.02089926
0.11398591
0.11725977
0.00074310
0.22383700
0.09316062
0.36538306
0.54770072
0.03784698
0.12085952
0.00158496
0.66386910
0.19356533
0.00363364
0.13832290
0.00686535
0.32963775
0.00056335
0.11536683
0.13027963
0.05468357
0.00275691
0.83775662
0.06915307
0.01285599
0.49336970
0.02345843
0.00133389
0.04927653
0.38188333
0.16614496
0.02318719
0.01331723
0.08588805
0.56025018
0.56420296
0.23886690
0.15473598
0.00094102
0.09517878
0.49329755
0.00588307
0.11615561
0.94639885
0.01964624
0.03516614
0.05867991
0.13496418
0.08019794
0.72727053
0.20054910
0.96551943
0.09466138
0.49047436
0.17631108
0.02001655
0.01313005
0.72026454
0.00513349
0.01688949
0.10935638
0.00618113
0.06895361
0.23269401
0.14468207
0.00056457
0.00401231
0.06632726
0.00712609
0.01453615
0.39319084
0.16142937
0.21648859
0.26454010
0.00419534
0.00243515
0.43864696
0.09338443
0.62130918
0.10543462
0.21159978
0.13072470
0.00701782
0.01442841
0.45944635
0.03712691
0.36322802
0.00594600
0.01237313
0.02204903
0.68618434
0.19621480
0.94785339
0.33918948
0.03316139
0.18579236
0.52272974
0.00188628
0.26075381
0.40925542
0.33154739
0.55938213
0.01116729
0.07425714
0.47795593
0.05353883
0.44254067
0.10617384
0.17226426
0.01855011
0.07521257
0.01813322
0.00213986
0.67543495
0.94718067
0.19454624
0.09464563
0.12410215
0.48117988
0.02061325
0.02164609
0.11603093
0.07636930
0.25381984
0.00160023
0.04530565
0.36652731
0.76633616
0.18107730
0.06973995
0.27056671
0.03705365
0.00517401
0.14053402
0.19294205
0.00226623
0.00041511
0.00168441
0.00345693
0.02980885
0.15920172
0.01620023
0.28315986
0.00716152
0.89546316
0.30830045
0.00027774
0.51867561
0.82727234
0.35518881
0.04428720
0.52100320
0.22235737
0.15694910
0.04191077
0.03147578
0.00448079
0.14817150
0.00275313
0.16681129
0.40484969
0.01197786
0.04054250
0.34747160
0.04875095
0.62650049
0.01859163
0.00247770
0.00338506
0.01469560
0.70653289
0.30675045
0.00868762
0.54419856
0.40015355
0.00824000
0.23343940
0.03324097
0.82942534
0.00469265
0.00631730
0.00600719
0.14296260
0.11422170
0.02886056
0.23628120
0.19139175
0.00416771
0.45131900
0.02602966
0.00580253
0.00127711
0.00329466
0.06485095
0.04718636
0.16605526
0.47956408
0.32359807
0.05569699
0.07202277
0.28112804
0.97259057
0.02319449
0.00459573
0.08733175
0.87350037
0.01142206
0.45992363
0.14734483
0.21279681
0.66980362
0.34831979
0.44821960
0.10252611
0.47943723
0.16285965
0.01943488
0.00027914
0.06733934
0.13372713
0.08288698
0.43612648
0.01115694
0.00382274
0.17275454
0.20949985
0.00779999
0.00164765
0.14138507
0.35229679
0.07017217
0.62717194
0.80933981
0.00088786
0.01294667
0.16645406
0.02509370
0.00304878
0.00068268
0.08351855
0.80347058
0.01272355
0.97564315
0.01392525
0.01522739
0.00428629
0.20244879
0.03756364
0.00315815
0.08682465
0.06504333
0.27602955
0.07428928
0.02485514
0.18034169
0.16587319
0.00020424
0.01176443
0.52818043
0.05670741
0.00038740
0.76648389
0.20321882
0.46884578
0.64983627
0.54661585
0.50705955
0.00061391
0.00157291
0.21891414
0.01010473
0.38934448
0.01061005
0.07886150
0.71668855
0.23323675
0.45537229
0.01267626
0.00426788
0.42114530
0.98230962
0.02392460
0.05782672
0.23519742
0.20507096
0.20776001
0.04194429
0.00062806
0.03999669
0.35694752
0.05712170
0.06787112
0.47930548
0.81014862
0.87258553
0.18963273
0.29963978
0.54609136
0.50668294
0.14569038
0.00569922
0.03172816
0.85567140
0.23330924
0.23742975
0.00155247
0.01482458
0.29618896
0.04621570
0.34689429
0.00000235
0.01103663
0.01476164
0.44373313
0.03840278
0.28883277
0.00599752
0.73006113
0.10200156
0.07256934
0.84390998
0.30165291
0.04265804
0.15645145
0.01085148
0.09641816
0.00004925
0.18164222
0.08416255
0.15798639
0.97692927
0.18771760
0.27378201
0.02304195
0.00640604
0.12864252
0.29112809
0.25987772
0.91695012
0.12836463
0.43123335
0.43697738
0.36711323
0.63634275
0.03523141
0.05317813
0.04121709
0.02857112
0.40353057
0.09600162
0.15135321
0.06117328
0.95646652
0.00188956
0.12005176
0.00999996
0.96684722
0.63425230
0.05664713
0.00359659
0.00428767
0.99999900
0.01373582
0.00000100
0.30920526
0.02273592
0.40426089
0.91537731
0.07679486
0.05126585
0.36903341
0.01008194
0.07929796
0.22976990
0.07674497
0.10604993
0.19518764
0.71855677
0.19407595
0.14743494
0.92052117
0.20916524
0.82224225
0.77771481
0.00852479
0.00001940
0.32596948
0.24256904
0.02357301
0.15402194
0.20869236
0.01728666
0.09918710
0.05640069
0.04906077
0.00370008
0.01243325
0.17529803
0.04214426
0.06076764
0.03883506
0.54107997
0.17567913
0.15395577
0.00807080
0.00167497
0.05507341
0.00119780
0.37286486
0.14713701
0.00488474
0.51931243
0.27058565
0.59024620
0.00915474
0.19783766
0.05791503
0.40881104
0.02068098
0.00039985
0.42525754
0.00492170
0.38769884
0.17775392
0.83688856
0.16860621
0.16665948
0.63451519
0.04997283
0.05087953
0.46362041
0.03773828
0.14966407
0.05259538
0.06734258
0.19547920
0.02084928
0.02935419
0.10390330
0.16048867
0.02641987
0.11909126
0.00240677
0.23608336
0.31943202
0.60705599
0.06584722
0.09192393
0.01382433
0.97178253
0.02370629
0.24621582
0.91935855
0.38173644
0.98553285
0.07747942
0.44581316
0.02097754
0.15971611
0.10935638
0.34687379
0.99921457
0.34862774
0.02534782
0.14807755
0.00279590
0.11999007
0.00343281
0.02901316
0.01214982
0.12281182
0.94238856
0.03809963
0.05943551
0.01713159
0.10188890
0.07161029
0.02250444
0.20006641
0.71237379
0.86306844
0.01026334
0.49932765
0.68809889
0.64666155
0.55991358
0.38005949
0.00022265
0.03773120
0.36004010
0.02390306
0.11574772
0.00068641
0.00364333
0.13369554
0.05574879
0.29675663
0.30596903
0.00037942
0.13597959
0.36659315
0.12302823
0.45393550
0.99772618
0.34487200
0.03548969
0.26195472
0.00779146
0.00209860
0.04502428
0.10236125
0.05046300
0.28487348
0.01318385
0.70095901
0.10976299
0.88598251
0.08441375
0.02225943
0.10655690
0.10422188
0.00539432
0.01411876
0.00446825
0.00639909
0.16108078
0.98362004
0.02112925
0.00302986
0.06144459
0.52691947
0.29728182
0.00034835
0.15169478
0.04990591
0.01437384
0.39190847
0.03825919
0.03469745
0.00792243
0.15662681
0.00112469
0.79989500
0.43039092
0.01703169
0.11441196
0.51866882
0.25333263
0.34577288
0.15323232
0.75014053
0.30464674
0.12382893
0.04223462
0.93291254
0.02871800
0.01935854
0.00002593
0.19794534
0.00450473
0.00120269
0.00000125
0.59270551
0.04533799
0.00221686
0.25463905
0.24832413
0.11784134
0.49319385
0.00659719
0.52678078
0.34745163
0.34807211
0.75149288
0.00133291
0.13051779
0.03641171
0.43352809
0.12523091
0.27939330
0.87251799
0.00905219
0.03972419
0.03103426
0.00032012
0.14874171
0.12262247
0.04986545
0.00429612
0.24418876
0.00024163
0.18711409
0.26418868
0.74602242
0.38879739
0.60735839
0.48321713
0.12155430
0.00160833
0.31694015
0.27784975
0.16907427
0.19371264
0.19327714
0.10357459
0.00234550
0.00706730
0.51475519
0.12664905
0.17150925
0.69495477
0.00000100
0.22010924
0.14706336
0.00985889
0.09891039
0.02964949
0.20990456
0.04338916
0.84824365
0.16882347
0.01095257
0.16124586
0.73311120
0.01753658
0.13657200
0.24780160
0.31583557
0.15793717
0.23135748
0.91785010
0.78264563
0.09923692
0.17540589
0.03588999
0.70725237
0.48089312
0.79623284
0.04643382
0.00588364
0.72572040
0.14552645
0.04528735
0.03646818
0.10429674
0.01693082
0.02586946
0.25765364
0.00493958
0.18089414
0.00033785
0.00262962
0.19866556
0.00005527
0.57914496
0.05724117
0.20126940
0.43195662
0.00105483
0.02594893
0.04242371
0.28288867
0.22374921
0.19419885
0.08328966
0.33373856
0.62091457
0.03912819
0.02488251
0.99999900
0.23014068
0.62090643
0.00785597
0.00765284
0.00128951
0.05532419
0.00935173
0.05935935
0.36923554
0.42023363
0.00522543
0.00588498
0.01150416
0.04178206
0.43777365
0.80184141
0.00667976
0.12163996
0.58841834
0.03980821
0.00234916
0.01504607
0.18823608
0.13972063
0.16757860
0.01731531
0.03016190
0.11728074
0.07488947
0.04965491
0.01100655
0.20238780
0.88225529
0.52430385
0.84337719
0.61842233
0.00040502
0.00838225
0.00334549
0.11165368
0.01648415
0.02614945
0.33441992
0.38782639
0.01126105
0.05682592
0.01625418
0.02742588
0.62210867
0.04245302
0.13397377
0.34173454
0.00175677
0.17174027
0.08938800
0.00842216
0.10918526
0.99988419
0.16580466
0.03172643
0.54143147
0.00193525
0.02926608
0.03341409
0.00080845
0.26000538
0.00153818
0.39773977
0.00410468
0.09207804
0.46787078
0.05950792
0.31332833
0.01750217
0.04234444
0.13187332
0.20167724
0.00773088
0.14675452
0.00994214
0.28543819
0.12184169
0.87984303
0.03222211
0.22667865
0.03047160
0.10108447
0.00120458
0.43351849
0.03173361
0.24161246
0.00308547
0.15943130
0.06909465
0.17367231
0.12180189
0.71072945
0.14887930
0.50833056
0.00438511
0.00835872
0.90099070
0.16704803
0.00593449
0.15288131
0.08101806
0.00524000
0.15968801
0.02258223
0.98751687
0.77654569
0.10193371
0.11553544
0.26536823
0.25212322
0.00233640
0.84200313
0.37046969
0.29311361
0.49291496
0.12872650
0.19218608
0.33918948
0.06067124
0.07409319
0.00071197
0.23066898
0.08070868
0.06293947
0.00010802
0.07455049
0.31666765
0.06860154
0.76586305
0.14577990
0.38313514
0.02892447
0.30376687
0.00042381
0.83907651
0.01360638
0.00645748
0.09664367
0.99285081
0.10007476
0.18234232
0.05808183
0.20267871
0.00298453
0.18267026
0.52839948
0.04640223
0.24909001
0.26386325
0.53115893
0.31144957
0.06505511
0.00066028
0.14475588
0.04525722
0.08283008
0.16141180
0.05765575
0.08624206
0.92485599
0.99197067
0.40321322
0.00001293
0.85160648
0.19686517
0.15303037
0.00417731
0.37865874
0.04758023
0.04694457
0.59753990
0.06533002
0.00184930
0.01221247
0.57736418
0.49336417
0.13937705
0.09172576
0.66585484
0.00146752
0.00046880
0.52050208
0.08096389
0.00862450
0.35445190
