0.99999900
0.99999900
0.99838948
0.99999900
0.99999900
0.99999900
0.99999900
0.99998745
0.99999900
0.99999900
0.99999729
0.99999900
0.01590451
0.99999900
0.99999900
0.99999900
0.99999420
0.99999900
0.99990372
0.99999900
0.99999900
0.99991431
0.99999900
0.69593282
0.99999900
0.99999358
0.99999900
0.99999900
0.99999900
0.98819855
0.99999900
0.99999900
0.99999900
0.99999724
0.99999900
0.99999900
0.99999278
0.99999771
0.99999900
0.99999900
0.99999900
0.99999900
0.99999900
0.99999900
0.99999900
0.99999030
0.99999900
0.99999900
0.99999900
0.99999810
0.99999871
0.99999900
0.99999896
0.99999900
0.99999900
0.99997642
0.99983814
0.99999865
0.99999900
0.70390029
0.99999900
0.99999745
0.99999900
0.50000000
0.73216112
0.99996308
0.99999900
0.99951596
0.99999900
0.99999764
0.99999900
0.99999900
0.99999900
0.99999900
0.99999900
0.99999900
0.64528996
0.99999900
0.99999900
0.99999900
0.99999900
0.99999900
0.99999900
0.99999900
0.99999900
0.99999900
0.99999900
0.99999900
0.99999900
0.99999900
0.73543962
0.99999900
0.99999325
0.99999900
0.99999900
0.99999900
0.99999900
0.07073156
0.99999900
0.99999900
0.99999900
0.99999900
0.99998957
0.99999900
0.99999900
0.99999899
0.76922213
0.99999900
0.99999870
0.99999900
0.99999900
0.99991404
0.99999900
0.99999800
0.99999900
0.94428962
0.99999900
0.99999900
0.99999900
0.99996248
0.99998294
0.99999900
0.99720832
0.99999900
0.99999900
0.99999898
0.99999900
0.99999900
0.99999900
0.99999900
0.99999900
0.99999900
0.99999900
0.99999900
0.99999900
0.99952198
0.99999900
0.99999900
0.99999900
0.99999900
0.99999900
0.99999900
0.99999396
0.99999900
0.99999900
0.45783589
0.96945150
0.99999900
0.99999900
0.99999900
0.99999900
0.99999900
0.99999900
0.99999900
0.99999900
0.99999620
0.99999900
0.99999900
0.99999900
0.99999900
0.99999900
0.99999900
0.99999900
0.99999900
0.99999900
0.99999900
0.99999900
0.99999900
0.95541440
0.99999900
0.99999900
0.99999900
0.99999900
0.95595079
0.99999900
0.99999900
0.99999900
0.50000000
0.50000000
0.99999900
0.99999650
0.99967663
0.99999900
0.99999900
0.99879378
0.99999900
0.99999900
0.99998358
0.50000001
0.49999999
0.99999900
0.99999900
0.99999900
0.99999405
0.99999900
0.99999900
0.99999900
0.59150713
0.49999999
0.99999900
0.99999900
0.99096578
0.98131164
0.99999900
0.99999900
0.99999900
0.99999900
0.99999900
0.99999900
0.99706967
0.99999900
0.99999900
0.99999900
0.40954381
0.99999900
0.99999900
0.99999900
0.99999900
0.50000009
0.88205332
0.99999900
0.99999900
0.99999900
0.99999900
0.99999900
0.94584209
0.99999900
0.99999900
0.99997971
0.99999900
0.99999900
0.99999900
0.99999900
0.99999900
0.99987649
0.99999900
0.99999900
0.99904123
0.99997942
0.99999900
0.99999900
0.99999900
0.99999900
0.99999900
0.99999900
0.58108338
0.99999900
0.98494892
0.99999900
0.99999900
0.99999889
0.99999900
0.99999900
0.99999900
0.80911402
0.99999900
0.99999900
0.99999900
0.99999900
0.99982407
0.99999900
0.99999900
0.99999900
0.99999900
0.99999900
0.99999900
0.99999900
0.99999900
0.99999900
0.99999900
0.99999900
0.99999893
0.99999900
0.65259571
0.99999900
0.99999900
0.99999900
0.99999900
0.99999900
0.99999900
0.99997930
0.99998461
0.99999900
0.99999900
0.99999900
0.83124067
0.98772347
0.73497948
0.99999900
0.99999900
0.99999900
0.99999900
0.99999900
0.99999900
0.99999900
0.99999900
0.99999708
0.99999900
0.99999900
0.99999900
0.99999900
0.99999900
0.99999900
0.99999900
0.99999900
0.99999900
0.99994349
0.99999900
0.99999900
0.99999900
0.99999900
0.99999900
0.99999659
0.99999900
0.99999900
0.99999900
0.53646737
0.99999800
0.99999900
0.99999900
0.99999900
0.99999900
0.99999900
0.99999900
0.99999900
0.99999900
0.99999900
0.93897546
0.99999900
0.93168779
0.78660543
0.93784779
0.99999430
0.99999900
0.99999900
0.99999900
0.99999900
0.42693138
0.99999900
0.99999900
0.99999006
0.99999900
0.99999900
0.99996659
0.99999900
0.99999900
0.99457046
0.50000000
0.99999900
0.99958346
0.99999900
0.99996696
0.99999900
0.99999900
0.99999900
0.99999900
0.99999900
0.99999900
0.99999900
0.37070552
0.99999900
0.99999900
0.99999900
0.99999900
0.99999900
0.99999900
0.99999900
0.99999900
0.99999900
0.99997245
0.99999900
0.99999900
0.58947879
0.99995689
0.99999900
0.99999900
0.99999780
0.99999900
0.99999900
0.99999900
0.99999900
0.99999900
0.95262372
0.99999538
0.99999900
0.99999900
0.99999900
0.99999900
0.99999900
0.99999900
0.99999900
0.36588302
0.99999900
0.99999900
0.99999900
0.99999900
0.99999900
0.99989966
0.99999900
0.99999900
0.99999900
0.99999900
0.99999900
0.99791583
0.99999900
0.99999900
0.99999900
0.99941768
0.99999718
0.99999900
0.99999900
0.99999900
0.99999900
0.99999900
0.99995846
0.99999900
0.99999900
0.99999900
0.99999900
0.99999900
0.99999900
0.87227007
0.99999900
0.99999900
0.99999900
0.99999900
0.99999900
0.99999900
0.99999900
0.63759441
0.99999900
0.99999900
0.99989387
0.99999900
0.99998442
0.99999900
0.99999900
0.99999900
0.99998516
0.99996957
0.99999900
0.99999900
0.99999900
0.63617801
0.99999751
0.99999900
0.99999900
0.99999900
0.70229966
0.99999900
0.99999900
0.99999900
0.50000005
0.99999900
0.82877300
0.89364281
0.99999900
0.99999900
0.99999900
0.99989251
0.99999900
0.99999900
0.99998939
0.99998743
0.99999900
0.99942557
0.99999900
0.99999900
0.99999900
0.99999900
0.89039308
0.99205965
0.99999900
0.99999900
0.99994328
0.99999900
0.98440238
0.99999900
0.99999900
0.99999900
0.99998740
0.99999900
0.99999900
0.99999900
0.99999900
0.99999900
0.99999900
0.99999713
0.99999900
0.99999900
0.99999880
0.99999900
0.49999992
0.99999900
0.99999900
0.99999900
0.99999900
0.99999900
0.61474897
0.99999625
0.99999900
0.99999900
0.99999900
0.99999900
0.99999900
0.99047663
0.99999900
0.90465146
0.99999900
0.99999900
0.99999900
0.99999900
0.99999900
0.99999900
0.99999900
0.99077848
0.99999900
0.99999900
0.99999416
0.99999900
0.99999900
0.99999900
0.99999900
0.99999900
0.99999900
0.92305851
0.99998587
0.99999900
0.99999897
0.99999900
0.49999999
0.99999900
0.99999900
0.99999713
0.99999900
0.99999900
0.99999900
0.99999900
0.95834498
0.99999627
0.99999900
0.99999900
0.99999900
0.99999900
0.99999900
0.99999900
0.99999900
0.99999900
0.99999783
0.99965276
0.99999900
0.99999900
0.99999900
0.99999900
0.99999900
0.99999900
0.99820449
0.99999900
0.99999900
0.83747265
0.99999900
0.99999900
0.99999900
0.99999900
0.99999900
0.99993145
0.99999900
0.99999900
0.99999900
0.99999900
0.99999900
0.99999900
0.99999900
0.99999900
0.99999900
0.99999900
0.99999900
0.54225173
0.99994359
0.99999900
0.50000000
0.99998705
0.99999345
0.99999900
0.99999900
0.99999900
0.99999709
0.99998587
0.99999900
0.99999900
0.99999900
0.99999900
0.99999900
0.99999900
0.50000000
0.99999900
0.99999900
0.99999900
0.99999900
0.99999900
0.99999900
0.99999900
0.99999900
0.50000000
0.99999900
0.98244939
0.99999900
0.99999900
0.99999900
0.99999900
0.99999900
0.99999900
0.99999900
0.99999900
0.99999900
0.99999900
0.99999900
0.99999900
0.99999900
0.99994234
0.99999900
0.99999900
0.99999787
0.99999900
0.99999888
0.99999900
0.99999900
0.55590529
0.99999900
0.99999615
0.99999900
0.70879170
0.99909535
0.99999900
0.99999900
0.99999900
0.99999900
0.99999900
0.99999900
0.99999900
0.99999900
0.99999900
0.99999900
0.99999900
0.99999900
0.99998252
0.99999900
0.99999900
0.99999900
0.99999900
0.99999900
0.99999900
0.99999843
0.99999424
0.32541019
0.99999900
0.99999900
0.99999900
0.99999900
0.99999900
0.99999900
0.99999900
0.50000000
0.99999900
0.99999900
0.99999900
0.99999900
0.99999900
0.99999900
0.99999900
0.99975656
0.99999900
0.99999900
0.99999878
0.99999900
0.99999900
0.99999900
0.99999900
0.99999900
0.99999900
0.94254596
0.99999900
0.99999900
0.99998536
0.99999900
0.99999900
0.99999900
0.99999900
0.99999900
0.99999900
0.99999900
0.99999900
0.99999900
0.99999900
0.99999900
0.97578973
0.99999900
0.99999900
0.99999900
0.50000001
0.91115526
0.99999134
0.99990103
0.99999900
0.88064716
0.99999900
0.99999900
0.99999900
0.99999900
0.99999900
0.99999900
0.99999900
0.99999900
0.99999900
0.99999900
0.99999900
0.99999900
0.59192426
0.99999900
0.99999900
0.99999900
0.99993027
0.99999900
0.99999900
0.99999900
0.99999900
0.99999900
0.99999900
0.99999900
0.99999581
0.50000000
0.99999900
0.99999644
0.99999900
0.15490229
0.99999900
0.99999900
0.99999900
0.99999900
0.99999900
0.99999900
0.99999900
0.99998010
0.99999900
0.99999900
0.99999900
0.99987030
0.99999900
0.99999900
0.99999900
0.99999900
0.99999900
0.99999900
0.64308784
0.99999900
0.99999815
0.99999900
0.99999900
0.99999900
0.99999900
0.99999900
0.99999900
0.99999900
0.99998604
0.99474820
0.99999242
0.99999900
0.99970042
0.99999900
0.99999900
0.99998610
0.99999900
0.99999900
0.77280130
0.99999900
0.99999900
0.99999900
0.99999900
0.99999900
0.99999900
0.99999900
0.99999900
0.99999712
0.99999900
0.99999900
0.99999900
0.99999900
0.69733718
0.99999900
0.99999900
0.99999900
0.99999900
0.99999900
0.99999900
0.99999900
0.99999900
0.45417507
0.99999900
0.99999900
0.99999900
0.99999900
0.99999900
0.99999900
0.99999900
0.99999900
0.99999799
0.99999900
0.99999776
0.99999900
0.99999900
0.99996701
0.99999900
0.99999900
0.99999900
0.99999900
0.99999900
0.99999900
0.99999900
0.99999900
0.99999900
0.99998854
0.99999900
0.99999900
0.99999900
0.99999900
0.99999900
0.99999900
0.99999900
0.99999900
0.99999900
0.99998210
0.99999900
0.99999900
0.99998854
0.99999900
0.99999900
0.99999900
0.93440018
0.99999900
0.99998270
0.99999900
0.99999900
0.99999900
0.99999900
0.99999900
0.64370379
0.99820449
0.99999900
0.99999900
0.99999900
0.99999900
0.99999900
0.99997107
0.99999798
0.99999900
0.99999900
0.99999900
0.99999900
0.99999900
0.99999900
0.99999900
0.99999900
0.99999900
0.99999900
0.99999900
0.99999900
0.99991569
0.99999466
0.99999900
0.99531107
0.50000030
0.99999900
0.99999900
0.99999900
0.99999900
0.99999900
0.99999900
0.77788453
0.99878143
0.99999900
0.99999900
0.99999900
0.99999900
0.99993380
0.99999900
0.99999900
0.99999900
0.99999900
0.99998527
0.68975917
0.99999900
0.99838948
0.99999900
0.99999900
0.99997723
0.99999900
0.99999900
0.99999900
0.96709787
0.99999900
0.99999900
0.99999900
0.99999900
0.83165098
0.99999900
0.99999900
0.99999900
0.99999812
0.99999900
0.99999900
0.59692445
0.99999900
0.99316074
0.99999900
0.99999900
0.99999900
0.99999900
0.99991316
0.99988861
0.86784819
0.99999900
0.99999900
0.99999900
0.99999900
0.99999900
0.99999900
0.99999900
0.99999900
0.99999900
0.49999999
0.99999900
0.99999900
0.99999900
0.99999900
0.99999900
0.99999900
0.99999900
0.99999900
0.99999900
0.99999900
0.99999900
0.99999900
0.99999900
0.99999900
0.49999991
0.99996984
0.99999865
0.99999900
0.99999900
0.99999900
0.99999900
0.99999900
0.99999900
0.99999900
0.99999900
0.99999900
0.99999900
0.99999900
0.99999900
0.99999387
0.93161559
0.99999900
0.50000001
0.99992170
0.99999900
0.99999900
0.99985811
0.99999900
0.99999900
0.79236382
0.99999900
0.99999885
0.99999900
0.99999900
0.99999900
0.99999900
0.99999559
0.99999558
0.99999900
0.73543962
0.99999900
0.99999900
0.50000015
0.99999900
0.99999900
0.86950742
0.99995866
0.99999900
0.79582269
0.99999900
0.99998516
0.99999900
0.99999900
0.99999900
0.99999900
0.99999900
0.76311590
0.99999900
0.77231411
0.99999900
