0.44136332
0.25559933
0.88848785
0.38095789
0.36399323
0.57377512
0.24376141
0.11588564
0.37968216
0.57557276
0.07514725
0.57643997
0.04241253
0.14949038
0.44184880
0.07815524
0.38445839
0.63088900
0.13706452
0.26101306
0.46265112
0.12823977
0.76808289
0.78044493
0.93972010
0.29191258
0.86922462
0.15218342
0.89621628
0.11558297
0.38061378
0.99399320
0.27408622
0.10111869
0.75866987
0.86084441
0.17798025
0.00699916
0.08521090
0.36832151
0.53853967
0.10664026
0.21003443
0.10757582
0.10537014
0.63880753
0.85041288
0.11490258
0.24367843
0.16606247
0.62342572
0.88358994
0.45141560
0.18634369
0.15612046
0.22903601
0.11063221
0.64518232
0.00260843
0.12810088
0.80373085
0.54046054
0.06421539
0.46320640
0.21223551
0.10524933
0.18122461
0.13167661
0.53551750
0.05614773
0.37212545
0.83567513
0.81415878
0.61020917
0.57750822
0.29659111
0.68129018
0.00000100
0.13814314
0.68053817
0.75985744
0.08926605
0.56914155
0.29088374
0.05797193
0.82799696
0.56365276
0.49117952
0.25472321
0.47226339
0.50767780
0.31040396
0.00691807
0.58592353
0.14522809
0.46275998
0.50059255
0.09322000
0.06508175
0.20968412
0.15896352
0.10793525
0.01848117
0.66630114
0.98211501
0.41172785
0.98531719
0.53819540
0.04012791
0.23184188
0.30532622
0.12465411
0.09897258
0.02229271
0.38943355
0.98811658
0.24844229
0.59960892
0.16115015
0.24617441
0.66066666
0.80404734
0.20399663
0.50839214
0.38399255
0.87890851
0.24620898
0.66086197
0.04695188
0.70148311
0.87567318
0.05075208
0.06086835
0.56763029
0.08344092
0.13630358
0.13631631
0.48659699
0.94003864
0.49903835
0.70381304
0.76106804
0.51109096
0.05116205
0.42297341
0.35383807
0.10554597
0.07589962
0.66763618
0.25284044
0.05909101
0.66093645
0.69108417
0.13881473
0.62349550
0.45536463
0.10709034
0.42550253
0.56598558
0.42506949
0.22178664
0.32655302
0.06260301
0.49056780
0.45909493
0.26599134
0.41836645
0.81939825
0.85470871
0.34525588
0.47181695
0.35310843
0.97074682
0.73674297
0.56005195
0.20508549
0.39267934
0.23810647
0.58337780
0.38494164
0.18941497
0.16884897
0.14080727
0.34405541
0.53579720
0.00109534
0.20840048
0.16377709
0.67892991
0.00000199
0.96323557
0.51746237
0.95992371
0.46628068
0.84675033
0.87717706
0.03429574
0.95693009
0.14179502
0.30592357
0.47916119
0.01093373
0.20219718
0.82180688
0.56574036
0.70450756
0.42869807
0.56301282
0.14558431
0.08009094
0.10812096
0.72893302
0.41532388
0.78581084
0.25152950
0.24010814
0.26131278
0.25350063
0.00000100
0.35606641
0.21950168
0.83791709
0.49398653
0.98772881
0.43073438
0.33882048
0.11465196
0.30736200
0.16859922
0.42948385
0.65123336
0.18358069
0.23430279
0.60391622
0.26961476
0.07302077
0.72690181
0.01058725
0.00315580
0.61795536
0.35438468
0.57848944
0.51050414
0.14873993
0.21806476
0.81771824
0.18229137
0.18702880
0.81785727
0.28194316
0.27775077
0.99523295
0.94580623
0.26290463
0.54605589
0.68516811
0.15851462
0.96067135
0.94297450
0.22431703
0.42432430
0.79988309
0.04497058
0.33307119
0.41404501
0.72253583
0.13882010
0.30786957
0.70780966
0.46350097
0.00386124
0.03711417
0.78711929
0.33006069
0.31207448
0.18380226
0.09446198
0.65523512
0.04820326
0.03140123
0.01543821
0.32561650
0.08313554
0.61067327
0.52720911
0.29305253
0.67776655
0.19059356
0.50448541
0.10906981
0.50255370
0.56780768
0.40685611
0.21261502
0.11432526
0.52096287
0.17266626
0.64239553
0.06746125
0.52360291
0.69089878
0.44906904
0.39204155
0.55728817
0.45708917
0.02676064
0.17441296
0.66945080
0.27262040
0.54693843
0.82637453
0.09169899
0.29329729
0.24570230
0.31726403
0.09003172
0.45020910
0.02679483
0.83110601
0.64665022
0.72875542
0.25105225
0.70266401
0.14154754
0.92293734
0.33571599
0.70772936
0.98061395
0.89715970
0.09096188
0.44447171
0.81470101
0.15388124
0.82688613
0.54673185
0.77600983
0.92551239
0.94206224
0.41985730
0.56656241
0.03664337
0.86298410
0.05908776
0.01096264
0.11711569
0.25881881
0.91324658
0.46621713
0.09171771
0.06540585
0.70286754
0.16252583
0.51544881
0.39143849
0.89848629
0.98597977
0.23461108
0.43577389
0.63796978
0.04101293
0.10250993
0.22408175
0.04250582
0.13814664
0.25623937
0.10243575
0.34101268
0.53600692
0.57030736
0.25824316
0.36656151
0.58255007
0.26896547
0.04880942
0.54402738
0.77484033
0.30523436
0.08528926
0.78093565
0.35210702
0.15989582
0.83292770
0.15880595
0.07407741
0.61117678
0.36066534
0.18818364
0.20419467
0.37770881
0.94694702
0.42294579
0.42978745
0.23976407
0.84315876
0.63177626
0.84758608
0.10155851
0.02156369
0.04971026
0.10862516
0.45283129
0.62916083
0.13540757
0.02058812
0.83117632
0.54829651
0.24067337
0.02029775
0.22087530
0.62408378
0.11711709
0.76894991
0.04866618
0.31944059
0.10222861
0.27490898
0.00939970
0.22067394
0.38224049
0.62579686
0.73427555
0.89170105
0.13797274
0.94578100
0.29997506
0.57976478
0.39645226
0.01637833
0.41328017
0.88410802
0.35002163
0.16165571
0.03270768
0.44169104
0.21753379
0.02651565
0.63198170
0.63031595
0.28214451
0.05070315
0.56737090
0.37894599
0.75664184
0.93136423
0.16709228
0.55000379
0.25756975
0.37192954
0.06355352
0.12605791
0.19352850
0.43155488
0.00000100
0.69316736
0.73516991
0.20577773
0.01231082
0.26915412
0.39359338
0.00425694
0.88894729
0.67225022
0.24719607
0.06781102
0.58698638
0.02414596
0.96409007
0.74926623
0.78817339
0.22714289
0.90135266
0.00000100
0.35953172
0.22320353
0.42615439
0.80516697
0.71885383
0.73625452
0.33185865
0.40405918
0.03211625
0.02556766
0.56348433
0.46592275
0.43003043
0.72100539
0.35516089
0.43388412
0.21828192
0.18212367
0.56616675
0.47013398
0.59510835
0.56136210
0.22877397
0.29027389
0.12924355
0.24398093
0.70136498
0.11485437
0.21718799
0.50415989
0.68857836
0.23795314
0.45652582
0.67582506
0.76835177
0.60185213
0.51974815
0.32836628
0.08543021
0.58117259
0.38506316
0.31602641
0.26808375
0.85301108
0.17832021
0.67344842
0.36381868
0.53881325
0.15025605
0.14641085
0.64663236
0.04748633
0.34266625
0.18627674
0.17163557
0.70342843
0.02948821
0.24726290
0.00000100
0.60775428
0.11832605
0.03056708
0.38374474
0.14713179
0.27079256
0.59431852
0.86188450
0.31475747
0.75248990
0.30121455
0.98357239
0.14798508
0.66450969
0.81991945
0.84117832
0.16763199
0.03930551
0.04851236
0.24025620
0.05558232
0.69862268
0.54303194
0.44265463
0.17452275
0.10166528
0.20648094
0.42229600
0.91648041
0.98791471
0.24751670
0.00186287
0.40344826
0.15001366
0.13844486
0.02992502
0.46293935
0.88162910
0.87075718
0.24622401
0.08607421
0.40022038
0.27506143
0.25416950
0.32709367
0.79640462
0.29493494
0.22527390
0.41209368
0.59612627
0.08093511
0.21783076
0.14472038
0.31677658
0.11409290
0.14499606
0.01793203
0.43204023
0.14923815
0.25920550
0.06551349
0.13657663
0.83137679
0.38451518
0.34041800
0.90573795
0.02396164
0.64297681
0.44640693
0.09345690
0.43329325
0.15347200
0.70758560
0.09047794
0.66809058
0.16682088
0.18422025
0.16537738
0.04164305
0.20116538
0.04510680
0.70566313
0.36327343
0.28784285
0.24912857
0.63892901
0.61192736
0.26954395
0.36074870
0.45676398
0.50669023
0.22529592
0.19803998
0.20201266
0.38060016
0.07386017
0.72470821
0.01443522
0.31792683
0.09753732
0.45636138
0.04929107
0.23270100
0.18477145
0.69431638
0.14245045
0.49138885
0.25716782
0.04558397
0.85491331
0.15233491
0.66745004
0.91310626
0.34980015
0.23928016
0.74598582
0.08224213
0.28579990
0.42533442
0.41156805
0.21099939
0.36225077
0.15419423
0.73200120
0.65819446
0.89349832
0.80173492
0.51402316
0.66181955
0.01823502
0.79970155
0.40877623
0.62554049
0.81980534
0.67945217
0.30129499
0.60966963
0.15773243
0.25748736
0.02852485
0.97042792
0.20068012
0.42713509
0.03664897
0.68195340
0.47967730
0.48104318
0.05261069
0.79383488
0.88528416
0.47525128
0.60310728
0.02242407
0.54690275
0.10153575
0.49770344
0.48296254
0.65380069
0.76374086
0.14173737
0.18780416
0.12891659
0.05720160
0.13537133
0.35179068
0.38372475
0.61058418
0.50276345
0.67967999
0.75796058
0.22065461
0.33025373
0.12714210
0.08907219
0.47896099
0.79204146
0.07167980
0.75521034
0.50334442
0.20989086
0.52767204
0.76726504
0.28415922
0.63983344
0.39363036
0.21725140
0.59646145
0.04232078
0.18995031
0.04806618
0.00260711
0.67213112
0.26465383
0.68805904
0.63842958
0.99344293
0.40363526
0.23093308
0.01988921
0.42465518
0.27810589
0.01903007
0.82748496
0.10668332
0.82614723
0.68368229
0.15998243
0.66664800
0.32741953
0.23363904
0.36318230
0.27624407
0.46949542
0.80039029
0.32897620
0.05776008
0.25902558
0.66939703
0.97437554
0.78288653
0.39494006
0.52169423
0.06805415
0.24833408
0.34845528
0.28661659
0.21334923
0.13614618
0.95990050
0.76249660
0.15538703
0.96999528
0.06014273
0.98796715
0.08452195
0.89607716
0.01405177
0.96382669
0.26017154
0.03505214
0.09526736
0.68515015
0.49282345
0.76525601
0.77732500
0.29000226
0.03176036
0.76230205
0.23935997
0.35634058
0.72607722
0.45274868
0.22637646
0.19815619
0.66951875
0.91966968
0.89620971
0.89742667
0.31121917
0.65553156
0.01097591
0.00354015
0.04694055
0.28785841
0.05350697
0.40261046
0.31452950
0.22588609
0.06174956
0.29666716
0.13824921
0.07175319
0.26013418
0.68106512
0.48239555
0.17547367
0.25292346
0.06669491
0.14565176
0.32152820
0.18821669
0.19296539
0.99987923
0.27661900
0.07251108
0.29157688
0.19616556
0.41562438
0.18087724
0.24920743
0.52567338
0.20459959
0.36150356
0.54673185
0.69365866
0.15801959
0.55394776
0.96708637
0.05270804
0.12709264
0.62232294
0.09370484
0.34462569
0.70118855
0.57038653
0.80835429
0.61971163
0.07656315
0.05786656
0.72415558
0.97786946
0.89200748
0.61871694
0.28503126
0.50336745
0.10166528
0.97272826
0.81217602
0.03545244
0.70578398
0.21135876
0.14155597
0.22890737
0.03532015
0.35254787
0.21522050
0.27640077
0.17485871
0.97683007
0.54830720
0.18096512
0.57576658
0.86762033
0.63544118
0.92569709
0.09622877
0.04467356
0.87031872
0.78176045
0.00000100
0.37833846
0.78281724
0.14487448
0.35402105
0.06091209
0.18247141
0.61690955
0.05830147
0.56038521
0.29460990
0.46490415
0.29346811
0.22072023
0.07888169
0.27613375
0.55563279
0.72899297
0.04625938
0.56038521
0.05289457
0.67459645
0.78679010
0.08045429
0.18878371
0.15137610
0.79265728
0.81442148
0.36710478
0.36120570
0.65070366
0.35913882
0.19924861
0.12298214
0.13530575
0.48100694
0.81294897
0.39487463
0.75724750
0.76178792
0.24629647
0.34501590
0.44884834
0.93972010
0.17527164
0.46934283
0.49056951
0.05709982
0.11468221
0.54217188
0.02612389
0.86639780
0.38483604
0.75453089
0.86706445
0.04338597
0.82531913
0.08024906
0.06107194
0.54283237
0.12120180
0.57557036
0.07060234
0.30456022
0.11877276
0.83908042
0.88043167
0.77653283
0.29997499
0.35755552
0.03992680
0.79124337
0.14227636
0.95660353
0.00000100
0.02978535
0.73057469
0.43610904
0.40217476
0.28883180
0.23250642
0.88672673
0.80221001
0.08568866
0.09817715
0.27203655
0.75108655
0.74427265
0.83901642
0.17468564
0.35461475
0.10879416
0.80435629
0.14727639
0.36041459
0.62229398
0.01663453
0.42608912
0.18279607
0.78566204
0.94385296
0.23745995
0.29561270
0.23559572
0.54625662
0.55535068
0.69424236
0.00808018
0.04730558
0.50767780
0.19943337
0.57948928
0.49644613
0.30824557
0.36343498
0.52205214
0.30026649
0.16954724
0.72775434
0.98573537
0.07573202
0.08123721
0.55572262
0.40853605
0.10466510
0.13072662
0.50928247
0.45765989
0.66712819
0.60098332
