0.43656344
0.68331668
0.42157842
0.14685315
0.06393606
0.74125874
0.71928072
0.95904096
0.26273726
0.55044955
0.40159840
0.06493506
0.38961039
0.38061938
0.14085914
0.89410589
0.32967033
0.38161838
0.12587413
0.30569431
0.11888112
0.40959041
0.81618382
0.29270729
0.22677323
0.36663337
0.12287712
0.27872128
0.18081918
0.12987013
0.97302697
0.43456543
0.18881119
0.42357642
0.24975025
0.53746254
0.34665335
0.28471528
0.51348651
0.28371628
0.49850150
0.59340659
0.41558442
0.04495504
0.92907093
0.06293706
0.24775225
0.55144855
0.20579421
0.21378621
0.53946054
0.78121878
0.65534466
0.15784216
0.14285714
0.78321678
0.88211788
0.72027972
0.59540460
0.68531469
0.05394605
0.17782218
0.56043956
0.09990010
0.81818182
0.18881119
0.21678322
0.29470529
0.04995005
0.74325674
0.74125874
0.57242757
0.86613387
0.41758242
0.18181818
0.58541459
0.87412587
0.56343656
0.86213786
0.16683317
0.98901099
0.85214785
0.00699301
0.70329670
0.61838162
0.26273726
0.37262737
0.46453546
0.23576424
0.70129870
0.69030969
0.36663337
0.26673327
0.76023976
0.22777223
0.18781219
0.42257742
0.60439560
0.53346653
0.10289710
0.96903097
0.64335664
0.15084915
0.24575425
0.17182817
0.68031968
0.86413586
0.47952048
0.47052947
0.84715285
0.21178821
0.15084915
0.22277722
0.65434565
0.86713287
0.36263736
0.65434565
0.70629371
0.08791209
0.46553447
0.87212787
0.23676324
0.41658342
0.27472527
0.07792208
0.17782218
0.64035964
0.06793207
0.69930070
0.66233766
0.74625375
0.11088911
0.64335664
0.14485514
0.38861139
0.63136863
0.16383616
0.58141858
0.13786214
0.20979021
0.70729271
0.83516484
0.62737263
0.48051948
0.52547453
0.10189810
0.63636364
0.26073926
0.05294705
0.00399600
0.55744256
0.49650350
0.72727273
0.04495504
0.49150849
0.93206793
0.80519481
0.31768232
0.21878122
0.67632368
0.56243756
0.73426573
0.24575425
0.95204795
0.19680320
0.01198801
0.17282717
0.55144855
0.60939061
0.03796204
0.72627373
0.69930070
0.90509491
0.32867133
0.33566434
0.81418581
0.49150849
0.71228771
0.29470529
0.09690310
0.74425574
0.13186813
0.52047952
0.59340659
0.40359640
0.05494505
0.75424575
0.23876124
0.17682318
0.83816184
0.16683317
0.19080919
0.59840160
0.10389610
0.22677323
0.21678322
0.57142857
0.79320679
0.85314685
0.60439560
